11101011001110111100000100011011
00100101110011001101011101011011
11100111101110100010010110011011
11011100011111100100000011101110
11100100111100011111011100110001
11101101101011000001001101010001
11101110000111110011100100000000
00000101101101010011100011000001
11111001101100111100010001010000
00010010110001001101111001011101
11100100101111011111001010100100
00011001100111000010110011011110
11001111101100101101010000111011
00011100000001111111011010100011
11111000001110110010100010101010
00000101010101100000001000011100
11111100000001100010010010100101
10101110101010111111111101111101
00001000110111100001010100100110
11111001101110101010111010001011
11111001101110000000000001100110
11110110001101111101111101111010
11011011110111111111110001001101
00000110001101111110011100101000
11101100100100101101101110000110
11100101011111010000101000111011
00010001001001011110110110110110
00000011100000001100101111010110
11011100000101111110001000001001
00000001011110011111011100010101
11011000010111011111110101001010
00010100011010111110001110111000
00000010001100011100000011010100
00011110011011110000101110011101
11110100111101111110101011010011
00000001001001101111011100100010
00100011111010001110111101010001
00001010010110110001010011110100
11110010110101111111101110100000
11101011011101101101111111101000
11101010110101010000010111010111
11111000110010100010011110101101
11100101011100011111001000111011
11111011111101101101001111110000
00001001111000011111000111111101
11101101110000010000110000111000
00010001001111100001101010011010
00001110111100000000110110101011
01001011000100011100100101011000
00000010110110111111011111000110
01000110101110101100101110000010
00010111110011110011111111111000
00010101101000111111111001010100
11110000001000010000111111000111
00100000000001100011001010010111
11000011100110100010000111110001
11011000000000001110000111111110
11111000100011011110111001101000
00000101000111010000011000100101
11011111101111111100110110110111
00011110001101010010001000100000
00110101010110011111000010010010
11100010110111010000010001000000
00001101101000100011111101000111
11110101000001101111101110000111
00110101010100101110000010001000
11100111011101110000110100001100
01010100010101010000011111000110
11111111011101100000110010111000
00001001101110111111101001100000
00010101111001101111010111010110
00000001110010011101110010111111
11010011001001001110011100010000
11010100011110011100011110011100
11001111010011101100001000010000
00100001110000000011000011011100
11111011111010010001010110111000
11010010110111101011011100100001
00010011010010101101001001001001
11110001011000001101110001010101
01000110001011000001111010011001
11110101000010101111010110011100
00001101010010110011010000101101
11011001011101100001111001101010
10101100101000001100101011101000
00000100101000000000110001011001
00000011010011100001100100000100
11110111101111000001101001101100
11110000000111000001001101001010
00010001100001110000010001100010
11110111111001111110111011011111
00010100010101110001111011000101
00000001001111111111100110010111
00000100100011001101011110000001
00010010010101100001010001101001
01010001001111110011001100101010
11100011010011011110100010100101
00010101111100101111011111011100
11110011100101110001111100010000
00010100111001101100001000011110
00100100110101100000011100100110
00000010110001010100001010010010
00000000000011011110111110110000
11011001101000000000011010011111
11111001111100100100011110001101
11111111111111001101111000000001
00011011010011110000001000000010
00011000001101110001010010111011
11110101101011100000101010101101
11001100010001011111111001101110
11100110110000001110001110000010
00110001111000011111111011110111
00001000000001101110101110100011
00100000011010110100100010100111
00011111010111011111100110011010
00000100010111101110101110011100
11100111111010111101111101010010
11001001100111010011100111001010
11110110110001011110001110100111
11110111011100111111010100001100
00000011011110101101100010011011
11111100010100111110001111111110
00000011001000001110110100110100
00000101010101000010011110011101
00010110111100101110110110010101
00011110000011110001100110010100
00000011010110011101101000110111
11111001111010011111010100011011
11010111000010100001010111000010
00000000001011110001111000100111
11111111111011000000010011111110
11100011011101000010001111000100
11110111011010001111001100010111
11010100100100100001010010010000
11111011011111100010010101000000
11110010000100111111101101110111
11011011110001010010010101101100
11110000111000100010101111101101
11100110000001010001011111011111
00011111111111101111000100101111
00111001101010110000000011100100
10101000000100100010101101100100
00011000011101010000100111000001
00000011111110100011110011001110
00010100101010100010001000110111
11010001000111011110010110011111
00001100010100110010101100010001
00100011110010010000101110011000
11111111110101100000001111000111
11110111110101011100111111010011
11011010100101001111001001010000
00010010110001000000101010111000
11101000001010011111011110101101
11101000100000001111110010111101
00010110011000000000100011000001
01000000001011010000000010001011
11011000000000110000010111110000
00000001111011100000110101011000
00010011111010010000011101010011
00000011100000100000001001101000
11110010011110101010001100010100
11000111001110101010101101100100
11111101101011011110011101000111
00100110001111011111010111011001
11111100000011110010101101000110
11111111000001010001110001000100
10110010001111101111011001000100
11111110001100011111010001000101
00010100110110011100010100110000
00110111001101101110100000000010
00011100101000000001110010000000
11011000101100110000100110011011
00110101100010111100001111100100
00100110110000011111111101000100
11010101001010111111010011101010
00001111110001010010000000011000
11011111111100111111111000111100
00100100110011100011000110101010
11110101000000101110000001000101
00000100010000010001101111111011
11011000001110111011110110001101
00001101101001111011111110001010
00011110010101111110011000110010
11101010101100111110100010100101
00111001101001100001000011011000
11100001010101101111111000100111
11100110001000000010001111110010
00010101111001001111010000111101
00101010111000010000100011110111
00111001111111110000110000000111
11100000110100101110010111100011
00001000011111011111101001100100
00011110110001111110011100110011
11011000011111101101110001011010
00110011011000111100100100101001
00011100011011001111011101000110
00111110001000010011100010101000
11111001111011111100111010101001
00001100000101011110110101110110
00100101110100110010011111001001
00001100001101101100101100111011
00010001111111101100101101000100
11001001010011010000100110110110
11011111010111010000111001100001
11001000100011001011110100110111
00100010000000010001100011111011
11110011100000010001001111101100
00010000101010101101000110010001
00000010010110010010001100111111
00011111111111111110010000111101
00011110111111010001000100011000
11100011111010110011001111101101
11110011110010000001001011001111
00011110100010101110100001101011
00000001000001111110010001101011
11110000110011001111101111001110
00000100000001100001000110101100
11011110011111101111010001100001
00011111010100100000101001111011
11110100111011110000101101001111
00000111011010011101100000111100
11100011110010111111010101010110
00001011100011100100111111111010
11101010000010111111001110100011
00110001000111101101011011110000
11011101000000101100001101000100
11101001010111111110100001001101
11101100011001101110011011101100
11011001110100010100011011110001
00000000111000110000110000011000
11100100011000011111101100000100
11100111011100010000000010110110
11100110011110010001111000100100
11011001101001111101101001110111
00001101100111011111110100100111
11101000101110001110000111011011
00010110101111010000010011011100
01001101101101101110111110001000
00011011101010100000010000011100
11010110001001000001011110010001
11101010000011110001000001011100
00000000111010101111111001010111
00000011111011101110101000001010
11100110111000011111100101101000
11101110110100001101111011111010
11110000000010000001101001100010
00010110000000110000010011100001
11001101000100111111111001111100
11000000110100001110010110011100
00110101001111011110110110000101
00000011110100010001000000110101
11010001110100010000010110110000
00010111100011000010100101111111
11010100101101110001110010101010
11101011011011111101100000101101
11100110010010100000111001010010
11110011010110110000001010110010
00000100011111110000011101101101
11001111011100101111111010011001
11000011110001101111110100000010
00011001011111010000011000111011
00000111101110001111110000111001
00001001001011010001011011100100
00001000100110001111100011010100
10111010100111011110010100001001
11111011000000001101011011000001
00111001100001001101001101010011
11010001000100010001110010101001
00001011110111101111001101010011
00011000111111101110000111100000
11010100011110110010110101111101
00001011000111110000011110011001
00000110100111100000110111111100
00000000011111100010100011000100
00011010011000001110010111100001
11001100000101110001000001111100
00010110110011000010000001010100
00000101010111111111000100011100
00001111000010010011001010110110
00110011110100110010100000101001
11011100000011101110101000110011
10100000111110000010100001111110
00001010101100111111101101110111
00100100011011000000101001101111
00011001110110001110001001011110
11011100001001110001110111010001
11010011101001111110011111010111
11110010111010001110011010101111
11011011011001001100101101010000
00010111001100110000001100011100
11100000010110111111100100001010
11100110000110010001001011111111
11101011111010011111000101011101
11110001010110000010111011111101
00001000111101100001111011011111
00000110100101100000110101010100
01100011100111110000011001110000
00001110111110000001110000110111
11010101111111001110110101110000
00000101000100110010100100100001
00000001110000001110100001000101
11011110101111110001110000101111
11100100001011001100001101010111
11111111111101100001011111110011
00001101110111101110011100001101
01001000101110011110111000011011
01000110101111000001100111101110
00100011100110100101111110010011
11001010110010000000101010010101
00100010101001001110110000001100
11110001100010100001100101000110
00000000101001101111111101001011
00010111000110000000100101000101
11010100101010010011010000001101
11100001001100111111110100010101
00011011111101001111111111010110
00011011001100100001001100111000
00110101000011010001010100000100
00010101011101011111000000000000
10110100011010001100000101101101
11000001101111000001001101000000
11100110101001100011001011010101
00000111011111100001100101111010
10101001100100101111011101001001
11011100000001111111011001001101
11100101110101100010000011101100
11100010111011001101100100000011
00001101010010000100000011000000
11100100100011000001111100011000
00000101000011100001000111001001
11010111011000000000000100110101
00010001111000011111000011010110
11001111000110001110010111000111
11100100101001111110110101110101
11111111101000101110110011011001
01000101010101011111110110100111
11011100001011110001011000001100
11111101101010100010100001110111
11110110111000110000001011001000
00110000010110100010111111011110
11001111101001000010000010011000
11100110011101101111101110001011
11110000001110110000010110000101
00000100000110101111010010101100
11100101100111000000011101100000
00101011010000010010010100001101
11100011110001101100110111101010
00000011000110110011100011111011
00001110100100000101001100011100
00100101010110000001111100000111
11100011010100110001111010110000
11100101010011111100111100111110
00000010000011011101000100110100
00011011110000101110111000011111
00100011111010011110101110011110
11101000110010010001101111110010
11100110010001010000111011101000
00001011100100001100110100000111
11101111110011001110100001101110
11111000110100101111001111111010
00010001000100101111001000001001
11111000000001110011100100001111
10111110111001011111100100110011
01100000000111100001100100110000
00000101010011010001110011101001
00001000000010001111011111010001
00111001100000100000101110001001
00101100111100101101110010111101
00100010110101000000011111001000
00000111101011000010010011001011
11110010001010100001101111101110
00100000100110101110101110010001
00101111011111100000110100011110
11101011011000100000111010101111
11100101010011110010011001010101
11110011110001110100011001001100
11111010111110010100100111101101
11110000001101110001101000000001
00010010010110010001001111011010
01000000010100011111001001011100
00000100011000011111111100100000
11101101011100010001100110010001
00010000101010000011110000110011
00000110010011110000000101111111
00101101010001011111000110000101
00000111011110110000111101011001
11110101001111001110101000110011
11101100101010010001011111101010
11111010111011001111111010111010
11100100100111010000001011101010
00010100110000111111010011000010
11111100001110010011100010010001
00000100000110100000001000011011
11101110100001100000010010010011
11101110100011111100110001100110
11110101111000100001010010101001
11111010100101101111011011110001
00000111100011011111011101001100
11011010100010011111001110001010
00000010011011010001101101001110
11101000000101110001110001111000
00000001011101110000111000000011
00011100010000010000101000110011
00001110000100111111111000101111
00010010100011110000110110100110
11101011000001000000010001000001
11100001111110100011000001001000
11111111011101101101001100111011
00011010100111010010111000010111
11100101101100010000110000011101
11011011011011110010000011001100
00000010100011011111001111010101
11111100000001010001000010111011
00010111100000100001110000000100
11011011111111100001001011110000
11100111101101010011010100101010
11111000110101000011000001001010
00110100001000111110101100010110
00010110010100011100001110100101
00011111100101001110001100000101
11110111001010111111110101010000
01000110000111001101100111111111
00111100101011001110001001111111
11011111101100000010110001100011
00010101010001011110110000101111
00010010100011000000101011110110
00011111101011111111011101111101
00110010101011010000000100111100
00000100100100001110111000010000
00011110101001000001100001011111
11111011101011110011001101100010
11110111110001100100100110010011
00001101101110011110100001000110
00000100100101001101110110111110
11101001101110111111100111011001
11110111000101000000000100011110
00010101111011101101110110110110
00000000010011101111010101010101
11100001001110110010100011101000
00111101001110000000010101111100
01000001001001010001010111101011
00110011110111110010110011111100
11001111101000101110110101001001
01000110110111011011010100110110
11010111100101110001111111001101
11000111110011001100011011001100
00111101110110100000101011110111
00101000100001110010001111100011
00110010001100001111011011101111
11101110011110010010101100100011
10101101010011100001101010010011
00011001101000110010001111100111
11111100001101010010100011101110
00000011010111110010011110111000
00100001101101101111111000010100
00110010001011110000111000010111
00011111110100100001001111000010
00100010000101111111101111110001
11110010000011100001010100100010
00001101010100111111111001100001
11011011101000011100110101010010
11110111000101010001010011001001
00000110010100011111111001000010
11111000110000010001010100101111
00010111111000111110100100011010
11111000000110010011000010001111
00001110011010011111010101001001
11011001010001001101100001111000
00111001000101010001101000000010
11101111001001010000011011111000
01010011100110010000101101111110
11011111100101111101101100000111
00000010100010100010100011110101
11110111011011101101101101011100
11101001110011000000101001110001
00000011000110001110001100011001
00000011100101101100001010100000
00001011100001011111111101111110
00101100001001010001110001101111
11100100000000101111000010111111
11111001010100111111110100100110
00100100000111101110001011001110
00011110000101101110101110101010
00111000010011100010100110101101
11101000001110001111100001011101
11100111110001001110010111101100
01000100001111011111011010000100
10110101010011000001011000111101
11000010001111110000000011101010
00000010001101011110101111101011
11000100100111101111101100000011
11110011100000010100110101101001
00001011101111101100111111100101
11111100001000001110010010011111
11000110101110000000111111011001
10111100100000111111010010011000
00001110100001000000010100001100
11110100100101101101001010011000
00000100011001010000010100101011
00111011100111110011111001001010
00011110001000000010010100000101
00011010000010101010111110101001
11011010101100010010010101111000
00100000000011011111110010101110
00001110011110101100111100101110
00001101110100000000101100001100
11110010001001111101011000011111
11110011111011100010011101100010
00011001100111011011000110101001
11110111011000010000001101010010
00000110011000011110100110010011
00011010111010001110110101010111
11100001100000010001001010000110
11111010000100001111111110100011
11110001000111101111011110110110
11110011110101001111100011111110
00110000001111100001110110010111
11011100111100011110111110001011
10111000111101010000100010111010
01000110011001001101111111110000
00000101010110101110000010000111
11111110000110011110101000101100
00011111000010010001011110100010
11101011111110101011011011110100
11011000010100010000101110110101
11111000100011100001000101100010
11010100100101110011010110110010
01011010101111010011110101001101
11100010100111001110000011001111
00011001001111000001111001010000
11011011011110101110110100001111
00001100010100001110000000001000
11101000010101110001000011010101
00111001010101101111101111011101
11111010000101000000010010001001
11101010001011011111010111001001
11010100100100010010011111101111
11110100111010001001011100101101
11000000111010100011001101111100
00010101111101011111100010100000
00111000111111101111101000111110
00001001011001111110110101011101
00011010100011111100111100001000
00111000100010110000001001001000
11111100000110001011000101100001
11101001000011111101110101110000
11101101001010011101101111011100
11111001000011100000001001010101
00100110110011011111001000001000
11011000111101101100110110011101
00001101111101001111000101011010
11101111011001111011111101101010
00011011110000100001010000000011
00101001110110100100110101010101
00100111111100010000001011110000
11100011100011001101100100100010
01001110101001110001010100101000
11010010010100110000000001111110
11100111100011100000111111001011
00101010001011011100100111111010
00001010100110111111001011010000
00001100101101001111101101011011
01000000101100001101110011110111
11001010010010011111110111110010
00001110100000011110000000001001
11101001001001000000101111010010
11100001011110001111101010111110
11101010100110110000101101001001
00010010000101011111000010100010
10110011001001001111011101100011
00111010001111111110101000010101
00001111001000001110010111110111
00000101011101101101100110000110
11010111111110110000101111011001
11100110100110000000010001110010
10111011101011101111001001001011
00011000100100100000010010011001
11111100010111000000101111111000
11010111110011010001100001101100
00000110010110010011110101101001
00010001111101111110000011110010
00000111110010101100100101011011
11010011010010111110011101101000
00011011111010001110111011011011
11110100001101110001100101100001
00010011100001110011001111100110
00011111001110011110110110010001
00001101101101001111110111000110
11111110111101111101101001100100
00110011010111100010011000101001
00110000111111100001110100110110
11100101001100111101111110011001
11101101100111001111111100001110
00111011001001000000101000110100
01000110111000110000000001110010
00010001110000000010000110011010
00010101101000110010101100001101
00001010101111000000100101011100
11101110010111011111001011001011
11111001110001100000000110111111
11011101010101010001110001001000
11000101000000100001010000110111
11100001011110000010101011000110
11111000111010011111100101111010
11111101111110000001111100011101
00101010011011100001001010011011
00000011010001011110011001101011
00001000001001010001101111001000
00000000110110110000101001101111
00101001101110111110101100001111
00011010110011010000011110100101
11001001101000110010101110000010
00001011010000011101111000000011
00000010010000010011101011001101
11111101100011100000101100000111
11111100100001011111000111001000
00001001010011111111110111010100
01001000010111010001001110100110
00100000000110100000100111111011
00011110010100011100101100011000
00100111111101010000001000010001
11101101001100101110011110100101
00011010000111100001010100001000
00011111010011100000001101011001
11110101010111101111011011110011
11101001011011001100011001001010
00100011100110100010111100110111
11110011111111001110010100101100
11111010100111001101100111111111
11110101010001111111101010010011
00000001100101010001010001101000
00010100010110110001110111010110
00001101101010110010001111011100
00010010011000010000000011101101
00110000101110100000011111001010
00001110101111010001101110111100
00011011111000101111110101111001
00001111100000110001101011001110
11011111110001000000101000101110
00100011011000101110110111100101
11100010000011110000011011110011
11011100001101011111010111111011
00001010001100100001010101011101
11001101110100111111001100101000
10111111010111000000101010111010
00001110000111100001101110010100
11010111001011011111011110110000
00010100101100111111011001110000
00111100010111101110110101010111
11110100101111001111100011011101
11110101110000111111100110001101
11101011100111010000101001000101
11011001101000001011100010001110
11100011111101010001101100110101
11111110000111011101111011110011
11100010001101101110111110001100
11101110110001100000000001110100
00011011110000001111111000011000
00011111001110111110101011011000
00001010110010110000100111001010
11100000000111111111001011101000
11101111010000011101011011111011
11010110011110111111011011100010
00011101010110111111110111101101
00000101101001100010000000000011
00011000001010101110011001011011
11101101000100100000001011110000
00111011000001010000100011000011
00111010001001001011101110111010
11111100000010010000110011101101
11011100011101011110000101010011
11101010001101101111010110001110
11011010001011001111010111000111
00000101011000101111010011111010
11101011000100111101101000111000
11110000010011110010100000001000
11100111110010000010011100101011
00001111110011100010100101111000
00000110000001111110111001101100
00000100100101000010111110101001
11001100011101011111101100010110
00010000100000100000100101100010
11111010000100001110001110111000
00000110011111010001100101001010
11101000101101111110010000100001
10101110111110011110110011110001
00100110011100111101001110011111
11011111100110010000001111111100
00011110011101000010011011001110
11110011000111010010011000101111
00011011101100100000010100100101
11110111010101011110010010011111
11110101010110000000001011110000
00000111110001001100110111110110
11110011001110111111110110110001
11111001001111010001110001001110
00000001101001001101110000010001
00001101101101010001011010111110
00110100010110110001111101000111
11111010000000111100110011101111
11111000100110110000010100111101
11101000100111101100100001100100
11101110110010001110100111011000
00111010001111001101100111000110
00100101011101110011001010010000
00000101111000000001001111000010
11101100011001111111111011101001
10110001101101001110011111100010
11110110110010110000000100000100
11111101011000001011111010110001
11000111010010111110111100001010
11100011110101011111111100100001
11110000110101101110110110110101
00001000011100001111110100010010
00011011111011010011110011001001
00011001010010111100001100100010
00110110011000110011010111011110
11111011110100111110111111010010
00010000101111100001110000001101
11110000111101101101110110111111
00010100010100001110100101100110
00010000010001110010001101100011
11010110011010001111100111010000
00010000101101000000110011000110
11010110101111001100111101010110
00110110111010101111001000100111
11101010110001101011101101111111
11111010110111111111011111001011
00001111011100011110100110101101
11111100111100110101011110011110
00000000011111011111000001100110
11000111110110011111011011000110
11111010011101001110111011111010
00001001111100001111111101110101
00111011111000111101011001110110
11100010110001101111000011000000
11000110100000011101011000010000
01001101011010010001111100110101
00100000100011001110001111111010
11110011011100101110100101110011
00101001110100110011111101010101
00110011011001011100000100101001
00001100101011010001010010101111
11111001011010111100111010000101
00001110000011100010111011100111
11100011000100100000101010010111
11100111100110010000010110000011
11010110010101100100001100101000
11011110111100110000000100110111
11100101101001001100101101100111
00000101011010110000010111111000
11101001010111011111100110001110
11010100010100101110001111111100
00011100011001001111101010110101
11100101110011001110000010110110
11110101111011101111011110000011
00110110110110001101010010001000
11110000101101101110010011000111
00100011000011001101110100000111
11111001001100011110101000101100
00000100011111010000000100010101
11101111011010010001110110001111
11000100001011010000011100011110
11010010011010010000100101000000
11111011100111001110001101011110
00011110101000111111101100101011
11111100000101001111101010000000
00001101111000000001001010010000
11101100111101010010011001110110
11011110101111111110011111100011
00011010111011101110100010000010
00110011101110011110000011011110
00001110010111100001001111000000
00000010010001000001100001101100
00000110000010000010101101010111
11101110001010110001001100111000
00100111001110011110110011100000
01000001101010111111101001110001
00011010111000000001011010111000
11111111111001101110110000011100
11111110100111001111100011011000
00010111101101101011110001010111
00011110001011101110111111101010
11101110111000110101101010100110
11111111101101010000111000011000
11110100000001110000110010010011
11100100110010001111001100010011
11111101000110000000000011111011
11111000111111110000001000000100
01011010110011010001011000000101
00010010111100010000010000111100
00010100101010000000010001100110
11101110100011101100001100100010
11110111100111001111001101001100
11101111110001111011110011010010
10111000100100101101111101101011
00010101111100010011001111011110
00011110111110110001000011011001
00000100001001100001110010001011
11101101010001100000111011110000
00001101111011111111010011011010
11010010101010111111001110001011
11100100010011111111100100001100
00001110111110011101011001001111
11011000000001110001011010111001
00101100111011110000011100100010
11001111000001100000001010011110
11110100011100110000110111110111
00001100010010110000001000100111
11111110001110010001000100101011
11101100110110010010001001101110
11011111010001000010001100000111
00001111000011111111001011011110
11110010111101101110001110010110
11110110000000100001000001110000
11100101011001101111110000110100
00101101111110100001111010110010
11100101001110110001000100101011
11100110000100001111010101100101
00010000111100010001110100010110
11010010001000101111000110100010
00001011011111101101010101010111
10111111011111001111000000010010
00001111000001001111011110111011
00010100101111010010111000101111
00000001011001100000111001111111
00010000101000011101101011010001
00001011001100100010110001011110
00011111010011010001111010101110
11110111110101111110111100111011
00011010001011100000000111011011
11111001000011000010100001000010
00101001011111011101010100010010
00001000111111101111011011100001
11111110100001110001111101110001
11101100001100010000011110001010
00001010110101000000100001100100
00000011010100110000000101010100
00011111111001000000100111010100
11011011111001011100001001100010
11111101001111001101100010100000
11101111010001011111011000101100
11000110110110110010011011001001
11101101110100110011101101100110
11110110010001111101100111010100
11100011101010001111111000011101
00000010010110011111101111110101
01010000000101001111011100010010
11111010111101011111101101111010
11111110000111010001101011101111
00000001010000010011011001100010
11011111011100101110100010110100
00100000101011001101100101101001
00011011110011001101110111001111
00011001010010001011101010011111
00001110101001000000100000000110
11011001101011001111110011111010
11111100011101101111110100010000
11111001101001011101110111111010
11001101010111000010010010111000
00100010010100001111110001100100
00001001110100001110010111001110
01001101000000110011001010100001
11110101011011001110100111101101
11001110011100100001111010101100
01011111000001011111111101111101
11111110110111101110110011011010
11001010110111010100000000110011
00000011111011011111100101101110
11101010001011010000111101000010
00011100000110111101111111000001
11100001100110010001101010110011
11010000101101111111101010000011
00010100101101010000001111111110
11010101110110110001001011000100
00010111110001111111011001000001
11100110101111100100001110011110
00000100111001010000111000000110
00100000100100100010101101010011
00010110110000000001111110000011
00010111001101101111101011011111
11101000000010100010110100000000
00001111011011010000110110100001
11011110101000100001101000011111
11110111000010011100101110100111
00010110101110001100001110101101
11010001010010111111001011001110
11111110000001000000010100110111
00100111111010000010000110111011
11110000110100100001001000110011
11101010100010110010100100111000
11110100101100010010011000101011
00010010000011000000011100010001
00000111010001110001111000010000
00111010111100000000000011101100
11100100101111101110100110000101
11010010000100011111101101010011
11100000011011011101011000011110
11101110110000110010011101101001
11101000110000011101111100100000
00001001001100010011100000001101
00000111110011011101110010110000
00011101110001100010110010010000
00100110111011011100011010010101
00000010100101101111001110010100
11111001111101101110100101101000
11001110101100001011000001010000
00111000000111100010101000110000
11111001101100101110000111011011
00000101110000111100101011100000
11110111000101011011111001011011
11111100010010101111110011111011
11101100011111010000110001110100
11111000010001001111010010000001
11111111010000101100010000111011
10101111000110010001111101000100
00000111010111011101110001011011
11110010011000101101100011101101
11100011100011100000010101100110
11110101101111110000101111100101
00010100111011001110010111100001
00101000110101011111000001101111
00101110000110100010010001010001
11101011100001111101110001000001
11001100111011001111010100110001
00000011101001101100000110011001
00101100111111110000000111000101
11101001100011011101100001101101
00111010110011001100111000100001
11011000110001011111101101101000
01001001111010111101010110010000
11011011110001111110011100001011
00001000111111110001111011100111
11011001110111001111001010011011
11110000010110011101001001101100
00000110100000100000100100100011
11010111000001111110110110101100
00000101101101110010000011100100
00010000000111100001100010110010
11110101111101101111001010100111
11101111110110011111111010101010
11111010111000101101001000001100
11110001001000011111011011001001
11101101101011110001001000110111
11100101010100101111001010100010
11011000010100111111010111011010
11101011111001010000000000101010
00010101010010100001100001001101
00001000101011100000110101100100
11110101101001011101101010111100
11101011010100000000010010000000
11000011100110110010000111000101
11001011011001001111011111010011
11000111010011110101100000100110
00001011110110000000001100111110
00100110000110100011101010111111
11011111111010011111001111111010
00101011010100000000000010100000
11011110000000110001111110010101
00000000000011011101100010010000
00110000110101110001001011001100
11110010100001011110000011101000
00100110111001011010100110101000
11111111111101000000101010110101
00110000100011000001110000111110
11011101111000111011111000101100
00110011001001011111101011100010
00010110101000111111010101001111
11101101011100100000010111010101
11100100101101010001101110111001
11101000101111111111001000110000
11111101111101000000001110001011
00001110101010001110011101011100
11111010111010111110011100111010
11111101011100010000111101110110
00100010100111000000111101110010
11001111111011110011000000001100
11111110111101111110100001011011
00100000001101111110001100110010
11110101000001000011000010100101
00010100100010110010010101100101
11110000011101000001011010000110
00000100011001000000100000110111
11101000110010100100011001000001
11111000010010111111101001110111
00001101011101001110011011001110
00011000100100100000100100001101
11001100110010001111101011010010
00011101011101001111010001111011
00100000101000111100000011011111
11110101000110011111101111110110
11100011000001010010001011010101
00000101001110100000101010010100
11111101010010010000101110100111
11101100011111100011110110111101
00000011101001110010011110000101
11010011000001000010100000100110
00000000000000000000101011101110
11100000100001011110000011001110
00000101100010010011011101010011
00000111110000101101101000000000
11101111000111010001110001111010
11101100111011010000100001011001
11111011100001000000111101101100
00101011101000010101100011001111
00010010100111001111110010011010
00111110101101111111101010000000
11111100100111001111111011000111
11101111111000011011110101110101
00000111000000010000111110100100
00001110011000111110101011100011
11111100000001101111000101011111
11111011001100100000110111111111
11100011011110101010111111110001
11101000101010001111000101010001
11011100011110011110111010110001
00000100011011011111000010110100
11110101100001110000111101111010
00101000000000001110100100100111
00000101000101100000001100101010
00000100011000101110011010110001
11000000101001001111001100010000
10101100110100101110111000010101
11001010000011010010110111101001
11010101001000010001010001100001
11001000101000101101101100001011
11101101111010101101001110001110
11100010101001010011000110101001
11101011000001101110011010001110
11011001001011111100111110111100
00001010011000110010010001111011
00110001101001011011111011110000
00000001010111101111100010111001
11011100110001011101100000110001
11110111001100100000001100100001
00000000101010001111100110010010
11001000100110011110100111111110
00000100101001110011001000110111
11111110111100110000001110000001
00001010110111010000011111011110
11101001111110110000000011110101
11100101010001010000011001111011
11110110010111100001101000001010
00001110001100110000011011100101
11001110100001101111101010101101
11010110011011011100111100110100
00101110101011111101010111000101
00000011100011000001100011101111
00000000010001011101010110001000
11111100001001011110111010100000
11101001001011011110001100111100
00100010100000111111000011100101
11110000001101101101011011101011
11101101000010101110110011010010
00001011111110001111000100011000
00011101110100001101010001111100
00000101111110001110000000111100
01000000110101011101101001010010
00010100110111101111101000011010
11100111100000101111001100101011
11000011111001001100011110100001
11111001100100110010101110000111
11011010011101111111010001000100
01001000010001010000001110001000
00100000000011001110111101100111
11010010101100001110101101111110
00010011111101000000010100001010
00001000101101010000111100011101
11110001110110010010010100100100
11101101001011100000010000000110
11011110011010101111001001110010
11011010100010011110001000001111
11101010110101010010101101100100
11000011000111000000101010001111
00000100101000101110101011101001
11011000001110101110011000110011
00000100011110111100111000001100
11101110111000001110011111000001
00011000001110010000011011111110
11100000100110000001101111000001
00010100101000001101101011100011
00110011110011111011000111011100
00111011110110010001110010001111
00011001100111000001001010000000
00100010101110000000010011010110
00000100110001001101111110011001
00000000110110010001100100001011
00100010001110110000000111011110
11101110001010101111101111001011
00100001110100101101110010100111
11110111001100011110011101000110
00101011100100001111101001101001
00000011011011010000001011001111
11101101101011011110110000110011
11010001010101001111011011111010
11100000110100000001001010101110
00010011100111101110100101011011
00001001011110110000001001110001
00000110000101011111110001111110
00001100111010001110101101010101
11100101000001000000000101001000
11100010010000010010011100011001
00011100001110110000001110110011
11110111101001110000100110100011
00110010000100111110000001011111
00010000111111111101101010101001
00000100100001010001010100010001
00011000010010001101010000101111
11100100011011011111001010111110
11110100100001100001011001010110
00011101001000110001110101100000
11111010010010000101111001010011
11111111101001111111001111111010
11111100110101010001101001001100
11110100100111001110110111000011
11110011001001111110111001101010
00001001010101011111111110100111
11110100111011110000001010111011
11011001101000010010000010011010
00011000011111000011100101001011
11010110101010101110101011000000
11111010011110110011100000110111
00101001010100010010001000110101
11101101111100011111101011001101
00110111000001001111010011001100
00010010010111001111010110001010
00010000110000010001000000111011
00101001111001011110011011100110
00011001111111100011010001000100
11010100001110000001001001101010
11101110001111011110000110011000
00001000010101011110010101011011
11101010000010111110101100101011
00010001100000010000110101000101
11001110100011011010110000111001
00010001111001111111001001001101
10011101100100100000101101110001
00010000010111110010001000110100
00000001100000100000010010111010
11110000110111110000011110101000
11111101100011011110101111001010
00001010000111011101010111111001
00100110001011100001100000011011
11001110001110011111011101100011
10100000010110110000110001110001
00000000000101101111000001011100
11110111101100111100110110010001
00100110100001011100100101001101
11111001101111001111101011010001
11111000111011010001010101001110
11110110110111100010011100000010
00001000111001001110110010110110
00001010111111111110101000001011
00000100010001110001100101001101
00000000101110000001100101011000
00001011000100111100100111000100
11111111011101000001100010000111
11110010111101111101111111000000
11011001001110101101100001101010
00000110111011010000001101110010
00100111011011011100010111110010
11011100111011001110110011110110
11110101100011001100101001011101
00001001011011011110110011011001
11011000100110100001010011111101
00011111111111010010110110000000
11010010111111010001101011000010
00000100011100000001001001101011
11100101010010110001100000100011
00110000110100001100101001010101
00010010010011101111000010101000
11101101111100010011100101000001
11100001100011001100101110100001
00101101111001100000001110110100
00010100110010010001010000101000
00001000000101000001110011000100
00001111101001101110110010000101
10111001001101111110101010101110
00101110111000100011101010101011
11111110011111001100111100010100
11100001110000111111001001000000
11100001100011100000100011100000
11110101111101001111001100000011
10111000010001101110101111101001
00001000100101011110100000101010
11000111001101001101000101010100
00011110110001011110001000001010
00100011100100100000101111011110
00010010010111010010100110111101
00000100010010111110111011001101
11001100101011011110100011011101
00000111100101110000111010101011
11111011001010000010111101101011
00101011111011100001111010001101
00010000011111010010001101000001
00010001010000010010011110100011
00110111001100001011111011011100
00010010111010111101110101001100
11100100101111010000111001101001
11101100001101100100011000000011
11101100111111111101010011101110
00001001011101110000110001101101
11101011011011011111101000011011
11100110101001000100110111010011
11000101101100000010011100000111
00110001000110110000011111011100
00101110111001010001001001100100
00100001000110111111111100110011
11101101001001000011001010111111
00001111001011110000011010100100
00001011001111000001110010001100
11110011001000000011000001100111
00001011001011110010110010110010
11111010110110001111110100111011
00100101000001101101110111110011
00110001111001100100001011011011
00001101101010100000100001010001
00001011101101011111011001000111
00001000111010101101110101001010
11001101101110100010010100101111
11011110100011011111011100101010
00101101010101001011111010101110
11101001010110111100101011111100
00000101000000001110110010010111
11100110101100111100111111111100
00000110111010110010101001010011
11110111000010101110110100101011
00001101100101111111101010001010
00101100000011101110100010110010
00001110111010011100100000001110
11100110011001010000010110001010
11010110010000011111101101100001
10111000111000111110110010110101
00010011010011010011101001100100
00100000101011110010110010101110
00010111110010110000001111011110
00111101001010111101110100110100
11110010111010000010100100010111
00100011000010001110111000101001
11011110111111011111001000110101
11010000001110101110010011011001
11111110110110011110011001111000
00011011001001000100000000011000
00111010000101011010110011011011
00011100100100101101110111101110
11100111110101100010000000001101
00000010100100000000101101101001
00011010110001010000101000000011
00000000000011101110100111010010
11111100111111001110110100110111
00000000000111001101111000110100
11011111111100011100100110101000
00110001000110111111011000110001
11110101000000000000000110011110
00011110111100010010101010010110
00001100101111100000111001010010
11110001100110100001110000010000
00110100111111100011001101110001
00010111001000100001110111010000
00101111011111111110010011101110
11111111100011010000010101010011
00001110001010100010010100000000
00000000011100011111001110001000
11011110011110100010000110001001
00000010100111110001110110110111
00010100010010101110111100001110
11110010101110100010111010011011
00011000000100101010111100011111
00111111011000000001010010100101
00010111110010001110101001111111
11001011010001101111100100101110
11101010111101011111010101100001
11011110100001111111111010000010
11100010111011000001101101000001
01000001101000000000101001101000
11011101101000010001111101000100
11100010100100110000011110001010
00000100000100110000000010110000
00010111111011011111101111010000
11010010110111000000101111101100
11110010000110111110111011110101
11101001010110101111100100011111
00110011001010111111101100011010
01000010100001000001001011011001
00010001110011100100110111101100
11110010111011010000110000110110
11100111101100011111000110101011
00000000011101000011001101001111
10111101100010011110101100100001
00010010111000110010110110001110
11110100110100010000110111010000
11111101101111000000110111000100
00010001010111010100010011010010
00010000100010110000010000100110
11100101001011101110000100011001
00000100001110101110101101010000
11110101100100001110010010010100
00001100001011111110111111001010
00010000101011010011100010100110
00100101010000000000100110100010
11111101011100101110000001010010
01010101000010101111010001010110
11011001111101001110011000011001
11010110001101111110001000110101
00001100001010101111101011101000
00001010010000111100111001001110
00010111011100010001001100110101
00101011001100101100000111101101
11110010011111111111011011111110
00100101101111000010110010111000
00001110000100110010000100100001
00000001110011001111011011001101
11100110010011011111010111111101
00011010100101000001011001011010
00011010101100101111001000000000
00010100010110010011001010100101
00001110101011101110100100110001
11110011101100111110010010111110
11111000100011011110001001011111
00011010110111010001111100011011
11111100000001001111010011101111
11111010001110110000011010011011
00000111000101000000100001111010
11000001100001001111011111110011
11111000000001100010101010001010
00011011100011011111010001000011
00000001000111001110101000110011
11100000001100101110111111010101
11010000001100000010011010110100
11110011100001110010000100000001
11101011111010010011001000010101
00001010110011011101110110101010
00111110000111000000101100100000
11100100110111111100110001010110
11101111011011011101110000000010
11010110111010010011010000111011
11110101111011101110110001000100
11101001010001110010010010101101
11011100000011010001000101101011
11111111011011001110000110001100
00010011010101000110100110011101
11100101010111011101000010101111
00000011111101110000100000110110
00000010010011101110111111111001
00010011010110011101000111111011
00000000111010101111110010011111
11111000011100111110111010000110
00010011111100000000101001110100
11100110001000110001001001010011
00000010110100001111100001100000
11110101011100110001001111101111
11101101001100100000000001001110
00101011011110001111100111011001
00001001001001101101101010001010
00011110000100100000001010110001
11011100111100100001100101011001
11111010001000101111010110101001
00011011010001110000110011001011
11110001011010111111001100011011
11011110000010010000110111010010
10111010011100111111100010010001
11001111110101111110100010110000
11101110010111001111001011110010
00100000010000110011000010101111
11011011001000001111001100100110
00001110101101100000110011110000
00001011011101100011101010101100
11101110101101001110001110100110
00101111000001100000000111100000
11111111000101010000101000100000
11010110010010001101100011010011
00011101111110000000100111011100
00100000011001010001010110101010
00011111100000011101011011010110
00010011100000101111010001000100
11100001010111010000110100100111
00011001011111101110001000001000
00100001001100011110110111010111
00110011000101110001111111000110
11010101011101101100111101000110
11100010110001101111011001101001
00111110101010111111010110110101
00000001110001101101111000110001
00011011111001101101011010101000
00100111010000110001100100101001
00001000100110001101101010000000
00001010101101101101011001011000
11101111011000110001111100101100
11101110000101101111000010010100
11110110011110111110111111011010
11111001100011000000001110110001
00011100110010001101111101100100
00010000010110101111101101011111
00000001001010101111100110101011
00000011010011100000100010110000
00110001110001011110111101010010
00001101101001000010010000010000
00001011100101001110100010101010
00100000001001000000100011010100
11001011001010011101100111101100
11101100100010001110011100110010
11111011001001111111101000111010
00011010101000001101100100001111
11011010101010110011010111101101
11001111100011000010001101110001
00011010100001000010000000101001
11111111000101111100110111100001
01001101110001000010001010100010
11111111111110010001011001000111
11100010110010101101111100011011
11101101111001110010000001010011
11010001111110101110000000100111
00000100100000000001000101010011
11011001011010001101100111000010
11000101011101001111111110001000
11111110100011110011010101010100
10111111001101010001001111001110
11111001110010011110101101000110
00100010110010001111100001111000
11101010010010100000001011111011
11011101011100010100010100110110
00001011010110110000000001001111
10101101110101111110111100000101
11111001101101001110101111111101
11001110111000110001101100111101
11101100000100000000000001001100
00100101101000010001001100101011
00100011110000000011010001001010
11011011101100100000011110110000
11100000011011001110111101000111
11110001100111011111000100111110
00001100101101110011010101000000
11100010111000010010000011001101
00000111001110001111001010101100
00001000100011000000100010011100
00001010010011000001110000010000
11111000000100110011011111000000
11101010001101100010100101000101
11001001111111010000101001111111
00000100000000000000100000111001
10111101111111101101010111100111
11101111100100011100110011001010
11101010011000100000100100010001
10111010110111010000010110111100
11110000010100011110001111111110
00010111000111101111101110101111
00001100000000111111001111011001
00000000101000001100011110100000
00100001011101100010011001000010
00001011000110001101100000011000
00011111010110101111110010011010
11011000001011010001001011001110
11111000010101101110101100110010
11110000011011110010100101000010
00010011110101101110011111111000
00101010010010000000001101101111
00111111011100100010010010000110
00010011111101110001010100111010
11110101001110110000111010010101
11111111100010110001011110010010
11100110110101101100000000111101
11111111101000011111011110001111
11111000010110010001101011011101
00100000110011110110100100100110
00010100001010111111100010011101
00100100010011101100100100110101
11100101101100101111000010000110
00101011000100001101111011010111
11111100010100001110010011001010
11101001111001100010111110010101
11111000010101100001011101001001
00011011110111001100100000101011
00001011011100010000011000100000
00011000001001100000010000010110
11110011001000100010010101000100
00010110110100011011111011110010
00000001111101100000010101101010
00010000000110101111011010101000
00000100011111100000101101010001
00001111000111010001000101000010
11101000100001000010000000011000
11110010111011001100001001001011
00110100111001100110000110010010
11110110101100000001011001110000
11111100111110111111010001000000
00001010111010011111111100000010
11110010011010001111111000010101
11100110100111000000100101011101
00011101110100101111001000011101
00001011100101010001000111000101
00010011101010001011010100110111
11111001011001010000000110101100
11111100101100000001101111101000
11111010011101111111001000000000
00000001000000001001100101010011
11001100110110100001001001100001
00101100110000110000000110001110
11111111010001001011110010101111
01000110011100111110110001001100
11100110100000000001010010101000
00010111111011100010010000100001
11101111101001011111011111111000
11110010001110110001100010011000
00001101011111001110011100110101
11101100100101111110000101011101
11011101011011001111001000111100
00011010001010110011010011110110
00010000110111111110001101010110
00000100011110111101101000111000
00101010101110100000001001011001
00010101000100011110101010100101
11111101111010111011010101110101
00011010100000101110100000000011
00101100100110100010001000011001
00000000100101101111010100111010
00110101101101001110101000110000
11111111100001111111100010110110
00000001101110110010011111010101
11101110011111101110000011110100
01001000011111000011100111000100
11100100101101001011011110000011
01000000111001011111111010011100
00001001011010010010011111011000
00110001100111100001101111110001
00010110011100100010001011100001
11011011011101100001000011100110
11011001100001110010000101011110
00000100010110000000110100011011
00001000111110001011000010010110
11011110001001000000000101110000
11100010100000110011001100111111
11011101010101001110111100010101
00000001001111110011100111000111
11110000100010001111111010111101
11101011110110110000001100011100
11100110001000001110110010110101
00101111111100101101011011111010
00110111110010111111101000110110
11111101001101101111001111111100
11101011101010111101000101010001
00010010110001000001001110111011
11110101100001010000010100010000
00101111110101110000011111011011
00010001110000110001010111010010
11110010100001010000011100100101
11101100101000101111011011111010
11110001000000101110110100111110
11101011010000111110001001011010
11110000111010001111010111111011
00101011101110110000011111000010
11010111011100010010001110111100
11111011110010111110000100111011
00010010011010100001111000000111
00000000111011000100000100011010
00100101011010011111110011000111
11111111110100000001110111111001
11101110100110101110100011101111
11110110111101110001110111101111
11110010110100110001001110000000
11110100100001101001111101011111
11000000110010001101110010110100
11100000011110011101111011111011
11110110100001100001011101100110
00101110001110000010110111010011
11101100000000100000100100000001
00011101000011110010001010110110
00111100101000010000001010011110
11110101110111000000001011100001
00010101101000110010010111001001
11111110010010010000001011000011
00101001011011111100111010000010
11000110011011110001100011010111
00010011011101011110011010000100
00001101001110000000011011101011
11101010010100011110011001000001
11010010101010100001011110000001
01001000100011110011011101001000
11010101111001001110011101100100
00010011110011110000111110100110
00011100010010111111000101001101
11110100000000101111011000010101
11111111100001111110000111010111
00101111111100101111000000001001
11110111010011001110001001010100
00000101001001100001100010000011
11101100010100001110011001010000
11111000010110101111011110011100
00010011101011010011001010101011
11100011001001110011010100010100
00001011001000111111001110000100
00011110010101011101110110000101
11001000101001001111100000111101
00000011000110111100110101111011
00101100000111011110001101011110
11100010101010100001000010000110
11011110110110111100101111011000
11111000110100110000100101111111
01010110011110000000100011101000
00010000101001011101101110111111
11110001010010011111010110011101
00000000000000000000000000000000
00000000000000000000000000000000
00000000000000000000000000000000
00000000000000000000000000000000
00000000000000000000000000000000
00000000000000000000000000000000
00000000000000000000000000000000
00000000000000000000000000000000
00000000000000000000000000000000
00000000000000000000000000000000
00000000000000000000000000000000
00000000000000000000000000000000
00000000000000000000000000000000
00000000000000000000000000000000
00000000000000000000000000000000
00000000000000000000000000000000
00000000000000000000000000000000
00000000000000000000000000000000
00000000000000000000000000000000
00000000000000000000000000000000
00000000000000000000000000000000
00000000000000000000000000000000
00000000000000000000000000000000
00000000000000000000000000000000
00000000000000000000000000000000
00000000000000000000000000000000
00000000000000000000000000000000
00000000000000000000000000000000
00000000000000000000000000000000
00000000000000000000000000000000
00000000000000000000000000000000
00000000000000000000000000000000