xxxxxxxxxxxxxxxxxxxxxxxxxxxxxxxx
xxxxxxxxxxxxxxxxxxxxxxxxxxxxxxxx
xxxxxxxxxxxxxxxxxxxxxxxxxxxxxxxx
xxxxxxxxxxxxxxxxxxxxxxxxxxxxxxxx
xxxxxxxxxxxxxxxxxxxxxxxxxxxxxxxx
xxxxxxxxxxxxxxxxxxxxxxxxxxxxxxxx
xxxxxxxxxxxxxxxxxxxxxxxxxxxxxxxx
xxxxxxxxxxxxxxxxxxxxxxxxxxxxxxxx
xxxxxxxxxxxxxxxxxxxxxxxxxxxxxxxx
xxxxxxxxxxxxxxxxxxxxxxxxxxxxxxxx
xxxxxxxxxxxxxxxxxxxxxxxxxxxxxxxx
xxxxxxxxxxxxxxxxxxxxxxxxxxxxxxxx
xxxxxxxxxxxxxxxxxxxxxxxxxxxxxxxx
xxxxxxxxxxxxxxxxxxxxxxxxxxxxxxxx
xxxxxxxxxxxxxxxxxxxxxxxxxxxxxxxx
xxxxxxxxxxxxxxxxxxxxxxxxxxxxxxxx
xxxxxxxxxxxxxxxxxxxxxxxxxxxxxxxx
xxxxxxxxxxxxxxxxxxxxxxxxxxxxxxxx
xxxxxxxxxxxxxxxxxxxxxxxxxxxxxxxx
xxxxxxxxxxxxxxxxxxxxxxxxxxxxxxxx
xxxxxxxxxxxxxxxxxxxxxxxxxxxxxxxx
xxxxxxxxxxxxxxxxxxxxxxxxxxxxxxxx
xxxxxxxxxxxxxxxxxxxxxxxxxxxxxxxx
xxxxxxxxxxxxxxxxxxxxxxxxxxxxxxxx
xxxxxxxxxxxxxxxxxxxxxxxxxxxxxxxx
xxxxxxxxxxxxxxxxxxxxxxxxxxxxxxxx
xxxxxxxxxxxxxxxxxxxxxxxxxxxxxxxx
xxxxxxxxxxxxxxxxxxxxxxxxxxxxxxxx
xxxxxxxxxxxxxxxxxxxxxxxxxxxxxxxx
xxxxxxxxxxxxxxxxxxxxxxxxxxxxxxxx
xxxxxxxxxxxxxxxxxxxxxxxxxxxxxxxx
xxxxxxxxxxxxxxxxxxxxxxxxxxxxxxxx
11100011111011100000110011000010
00100110000010000000100100100110
11111111110011101101100001111101
00001000101111101110110011111000
10111111011100001010010101110100
11111000000011001110011110101001
00001100100011101111101101011000
11110110111110100010111101100101
11000010001111101101100010011100
00000000100111101111100101011110
11110011100111100001000101110101
11110001101100000001001001010100
00110011111100001100011000000010
11110101110000101111110101011101
00110000010010101101010010110110
11011101001001101110001101010101
11001100000100101100000100100011
11111010000000100001101001111100
11110101011011000001110000001100
00000100010010000010000101000001
00100010110010100001110010001011
00001110010101100001000011011011
00001001100101100010000001100100
11101111101101100010111101000100
11111010001111000010111001100001
00100110010100100000101100111010
00011000100110001011111111101110
00000110000000100000010110000001
11010101010010001101011010001001
11111111001000101111010011100111
11111011001010100010000101011100
11110111000101000001000010110010
00000000000001001110101000010011
00011000001110001110110110100010
11100011101000000000011100010010
11101110101111101111001000000111
00110110000010001110011100111000
11100010001011001110100010011001
11110110001100001101111110100100
00001001110110001110100000100111
11111100100111101110001110001001
11110100110001001111000001101110
11011111011001000000000001110010
00000000011101001111010101101001
11101000001000001111001100100000
00100101011111001101101001001011
00000110000001101111111000110010
00100000111110100000010101101001
00100011110011100000101001101010
01010001100100001110110100000101
11000000111001101101101101000111
11111011010110001111000111010001
11011111111100101101101011001110
00010111100010000100000111100010
00001111111010101110101101111100
00101000111001001111001111001101
00101110111111001101111110111000
11010011010010001011100011111111
00000100000111001100010110101111
01001010001010001111010111011101
00100100001000100000011011011000
00010010110111000000100000000100
00011010010010001111111001101110
00101000011101000000001101001001
11111100110001001011100111100101
00111000001100001101111010001111
11111010101011101101010101001001
00100110011110000000010110010100
11010010111000000011110000101001
11101001100010001101011010001110
00010101100000101100110010000001
11110001010010001111001100110110
11010100111110000001010000111001
00000010111100000010111001011011
11101111001101100100001111111101
00001110011011001110111100000100
00011110111010001111101010111011
11110100001101000010110101101100
11001101011001101101101001011011
00000100101100100011000000110000
00010001010111000010101111011001
00101110001000100011100001011011
00110000001010100011011011010111
00101101000111100000001111111000
11000111000110001111001100111101
11010100101111000001011000001111
00010110000011000010000011111111
00011010011101000001010111100010
11101110000111101111011110001111
00001100100011000000110000110111
00001110110101000000100000010011
00100010100000001011111001000000
00011101100100001101111110111001
00010111111100100000010101000111
00110011010101100000110101110111
00011010101010101101111010010010
00000010101111100000101001100010
00001001000001101101001001001101
11101111100010001110000001101000
00101111000000100010110001100101
00001111000111100010100001011000
11101110111000101100011010011001
10111011011010100000100111001111
11010100010111001111100100111100
11110011111110000001000010111110
11100001011101101111000110110111
00011000110000100001101010111010
11101100111110101011101011011101
11110001111001101111111010000100
00001100011100001110011101001111
11111111000000000001100101101001
11111100100000101110111110111110
00001001100110001110110011001000
00011100101110100010110100110011
00010010111000001101011111110001
00001011101000000000010010110001
00011100000110101111100011001000
00011011111111001110001111100001
11110100010000100000100001011001
11111010010111101111111001011100
00001001111000001010111000011100
11110100100011001110111101010011
00000111111010000000111110001001
11110111000011001110011010111001
11011010110010001111110101110100
11001001000000100100000110100001
11111101100101100000011101111111
00010101110000001111101000110110
11010001001111000101010010001101
00000011000010100001101111011100
11101001101001100000111001100000
00000000100101001110011101001100
00001001101101000001101111000101
10111111110001000001111101100110
11001110010011001110011101010000
00001011101010001101001111001100
00011101101001001110100011110011
00001010000111101110111000011100
11001110001001100010110000111010
11110011100101100000000100111000
11101011010011001101010111100001
00100000100000100000100100110110
11111011101000100010010101000110
00001001001110001111000111000000
00000100110110000000101001110010
11111101100010000001111110110010
11111111011100101111010110110000
00000111100101000000000100100010
11011010011100000010111101000001
00000000110000001111110011110100
00010100100000100000110110011011
00001111010001000001110001110010
11101110000100000001111000010000
00101101000010100000110100000110
00110000000111101111100001001100
00000011101110000010110001001100
00000111010011101100101111010011
11111110111111101101100100000110
11100000111000100001010010010011
00010100000100100000100001110100
00000010111010101100001001000110
11110110010101000000001011110011
11011011100001001010111011001001
10010110100011100010100110010111
00001100100101001101010001001001
00100100110100100001101110111011
11010111110100000010000011111001
11101010001010001110000000000011
11101010011000101110000011101010
00011011001110000000110010110111
00011011101000101100010001010001
00010000110011101101001100110011
00111111000001001101111111110011
00001110100110101110101111110111
00000110110000001110010100000011
11100100101101101100011110010111
00010100100000101110010100011110
11010110010100000001110001001100
00011010111001000010100110010000
00000111001101001100001001010101
00010010101000101111000100110100
11110011000011000010111100100000
00100011110000100000010000010110
11100001110011101101011111000110
11100110111110001110110111010000
10101110110011101101000010101010
00001100011010000000110010111010
11101010010100100000100000001111
00001110100100000001000101110000
11100010101101000010001111110100
11001011011010100000111000101100
00011110011000001111100010010010
00011001101000101100001010110001
00001010100100101100000101110000
11110101111100001111010101111100
11000111011100100000100111011010
11110001011010101111111111111001
01100111010111000010001000100101
00001001111011100000111100000101
00000010010001100100000010010001
11111101010011101111101110010011
00110100110011101101101001010100
00000100111101001110101000111110
11000010110111100001100111110010
00101001010010001110101000001011
11100111001111001110100001110101
00011111011110101100110111001101
00001010100001100010110100100111
00000000001110000001010100111010
00001010000111100000111001011001
00001001011101001111100000001100
11101111111010001101000111010011
11001111100110001110000010110111
00000010101001101111010100110010
00010110100001000010111011110000
00000011111001100000000110110000
00100101111110100010001010111000
11110010001110100011000001110011
11101111101110000001010000000110
11001010101010100000100010011111
00001011101111100000011101001001
00111001111000001111000100110100
11111011011110100000111011011010
00000101010001100010000111001100
11100101110001001110011111110100
00101001000101000001100000011011
11000101101010100000000010111011
11010111101100101110101011011001
11110010010110001111101001101111
00101011001011101101111000101011
00010000100010100000000101001101
00001001101011001101110111110011
00011001110011000010101011000010
00011001011010001111111011110011
01000001000000001101100001110001
00011011010001001111011110011011
00010110001100100011001110110111
00011111000010000000000001111101
00001111110011101100111011001111
00001011111010101011101101110101
11001000010101000000000100011111
11100111001100100000000101111110
11110011110011101101100111101110
00100110000100000010001110010010
11101111110000101110011000010011
00000000110011100011110000101100
10111111000000001111001011010100
00010111110111001110111100010000
00010100110111001110100110111101
11111011011101001111101111011010
11101101000010100001100110101100
00100101001000101110101110100100
11100100010000100010110101111111
11111011010001000001100111110110
00000100101001100000011100010010
00010000101100000000001110111100
11100000101010101111001101111001
11111111101010000010100010010000
11011010100100000000100010001111
00110001101111000001011110001001
11100011101110001101010011010101
00110011011011001101011011101111
11110010101100000010011100011111
11101000100110000000101001010000
11111100010010100000100001001101
11110101010100100000100110011000
10110000100000001101100011011111
00100000100111001111100110101101
00010010101000000001000010101001
00100011001101100000011011101111
00001010110110101110010110011101
11101010111000100000111110111010
11101101010100000010000000101010
00010011110110001101110010110101
11101010010100000000101101000011
01000000000000101101000001101110
00010000011111100010010011010001
00001010011110000001000001101101
00001010011010100001100101001001
11101100101100000000101000100011
00100000001101101101101100110110
00100011110010001111101000001111
11010010000101101100111001001001
11011000100100000100011110000000
11110101010010001101101010101111
00100110011001100011111110100001
11101011001101100000001010100101
11100111010100101111111010100111
11101110000001000000111111111010
11100101001101001101101001100010
00100101101111001111010110001110
11110110001111001111010011111111
00100100100100001111011110001010
10111111000111000000000001110110
11111011011111101111000110111111
11000100111100101110111010101100
11111010000010101010101000001100
11110110010101101110011000001010
00000101000011100010000111100110
11101110111010001110111000011011
00100000000001001111100111010000
11100110001100000001100111010100
00101011000010101110111011101011
11000100100101001101110101000010
00101000111000000001110001101011
00110111110001101101110001110110
00010010010010001100100000000001
11101010100111101000000001001111
11110111110001101101101101011000
11010001111100100001100000010110
01010001000000000000010011100011
00001011111100001110111000110010
11110100000011001111101011000101
00001000101010000001111100001000
00010100000100000001000011001001
11111101010001000011001110010011
11110110001110100001101110010010
11011011101111000001101010011010
11000111100111001111010011010111
00001011100100001110101101001000
10110101110000100001101000011011
00011100100100000001001000010011
00101110111011000100010000101010
00010010110001000000011001000110
11101111000111000010000101101110
11100011110101101111100001101000
11000011010100100001000010100111
00011011000110000011011111000010
11010011101001001101110101011101
11110111000000001110101001000011
11111001000100001110100011001110
10111001111101101110001111010000
11011000111000001111010110000000
11110110010011001111001001111010
00001111110110000001100010100001
11100100110110001101111100111010
11100111111100000100011010110011
11101001010011100001101110101011
00000010001110101100001001000001
11111011011110101101100011011101
00001011010001100010000100010111
00011001000000000001011001010110
00111011111000001110111000011111
00000111010111000001001000111000
10111111001010001111110001001101
00000100101101000001101101100011
11000101110011000000111100001101
00100000101001001110100000011011
11101101100111100010110100000101
10111101000010100000000000110000
11011111101010001110101001001011
00000101100100101111110010001110
00101000001100001110111001101010
00001001010110100000100010000011
00100011000011001111000011011101
11110100111010101100110000110001
11110110001011100001011101100011
10110101100100000000110100110100
00110110111110101100111001011010
00010000100000100010011101001110
11011101001011101111010101111110
00010100101011001111010010001001
11101001001000101111111000011011
10111011100101100000001010011101
00000011000110101111001110111111
00001111010111001111001111110010
11100100010111001101101000011010
00111101111101101100101000000100
00011101111100100101111100111100
00010111011000001111000110100100
11010010011000000000110011000000
00100000111110101111011101101101
00100110001000000001010101111011
00010111001000001101010000101010
00000101000111101110011010100000
00000111100010100000011010000110
00001000000111000001100011100000
00000010100110101111110100000100
00001001001101100000111010110010
11100011000111000000110100101001
00000101011101101101000001010111
00000100101110001100111111101010
00001001001101000100001101011110
00001110001101101101110111010110
11101111010100100000010110101110
00011001100001001111100010101011
00000110110101100001000100010010
00011011110010101110001100000100
11111000010111100001001001011001
00011010101000101111100101111001
00010010010001101111010001011010
11110111010110100001100111101111
00001101101010001011111001101000
11110111101100001111001000000011
11111110001110101111001110100110
00010010000100101111001111001110
00110001100001100001001011010111
00000101000101000000101011100111
00100100100000000000010011100000
11111100001001001111111011111001
11101010000101100100001011110111
11111000001011101111110101000000
11100101110000101111110011111100
11001001011110001111000010000010
00100110111001100000001000110101
11011110101001101111101011101111
00001010001101000001010000011010
11101010110000101110110011101101
11111001010111000010100010010111
00000100001100101100001101000100
00001000001100001111110001000000
00001100011000100000101101001000
00000110111010001111101100100111
11101111010110000001110001100011
11111011111101100001111011010100
00001111111011000001110000101111
01010011010100000000011011011100
11000100100100000000110010000000
10111001110001000001011011011111
11111000100011001111011011000111
11001010011010101110110101000111
00001001000001000010000010000100
00011101001100001110000011100010
11011100011100100001010010010011
11101000110000101110010110010000
11101011100110100001001011010110
00100010000010000000001011011001
11011100111101100000011010100101
00000011010100000010111000100011
00111001100110100001000110100010
00011001010111000011011001111010
00100010010110000010010010110011
00101110010000001110111101001100
11110100001010101110110100100010
00011001100101100010111011111101
11101010001000000000101101110110
00010010110001000010000011110101
10001000000110101110101110110001
00001010001011001011011110110000
00111111101011000000010110111010
11011100001001100001110000001000
00001010000100101110111001000000
11110000101100100000010000110011
00000010010000000001101010001100
00011111001100001100111101100101
00000100001000001100110011110001
01001100110111000001010111001010
11100010100110101110010011110010
00010011100001000011010110000010
00000011000111000000000100000100
00101100000001000010000001110011
11111001000010000000100100100101
00100000000111100000011011110010
00111001110110101110100001110101
00001001000111101110001101011010
00000101110100001110011000010000
11100101000101101110000011111000
00010011101111001111000011100010
00101010101111000010111000011001
00000110001100000000010101011001
00010001000110101110001110000010
00011101010000101110100000111101
00011010010010001110001010001000
10110001101101100000111100101100
00010110010010001110110000000001
00011001001010101111101111111110
11100101001000100011000010100101
11111011110011001111100101000011
00011010100011001101111100110101
00101101110010001101110010011000
00000101111011101110010100111101
11111011001011100000001110110111
01010001001110000001111100100111
00001110101101101010110011110000
11110101101000100010110111010011
11010110101101001110100000100111
11010101000001100000010001010001
00010111000011000000010100011110
11111101000010101111000110110101
11110000010001000001000001111101
11010001001111101111001110011111
00010110101110001100100010000101
11101000101101101101100001111010
11111011001000001101000101010101
10110110010011001101101100101100
00111111000100000010011000101111
00100010110101001110100100101011
11101100110101000001110110011111
11111101010101101110011000001101
11111101111001001111111011011101
11101011001111100101011010001100
00001010100010001100101101111011
00101010101000000001000101111000
00001011110101000011001000101101
11010000110011100001110110011011
00011100000111000001111001000011
00101010101001101101110101100000
00100101010000101111000110000110
00001001001000101111000001011101
11011011111110100000010010110010
11101111100000100000010111010001
00000110110001100011100001101001
00100100010010100001011110111110
11001100101110001111011110001110
11101011100000001110110100111010
01010000001000100010101110011000
11001111100111000000001110101101
11111010010001100010011000001010
01001111000011001101101001111001
11110111001110001101101111010001
11101000001101101111000111000010
11101001101110000001100000010010
11110110111010000000100001111110
11110010011000100011000011000111
11111100101100101111110100001111
11001101111000000010010011010011
00011011110100000010000001110110
11111111010001001111011100001001
11000011101000000001111111100111
11110110010100101111101010010111
11001111101000100010110010001100
11100010111101101101101011011011
11011010111010101010011010000011
00000010100001100011010110000101
00001101000010101100011011010010
00011001011000101101011101100011
01000011000011100000011001000101
00000011100010000011010011110101
00000111110101101101110111010011
00101110111110000000011100001010
11100000110010000010001100111111
00100101111111000001010110000110
11111101010111000000010011110010
00000110101110000000110101110111
11001100101111001110111001010011
11111111101101001001111111101100
10111100111011000010011000011101
11110010001110001101001111111100
00010000100111100001011110110011
10111010110111101100110001111110
00010110010111100000101011100110
11111100101100000010000100000101
11010111101100101101010001100001
00010110111000101110011001000100
00010011000011101100001010001101
11000011111010001110101000011001
00011011111111101110000111111011
11100110011000001110001011001000
01000101101011000000100100100111
11110101011011000010110101101101
11110010111110101110111000000111
11101101111111001110110000101001
00111000111000000001001110110011
11011111110000001111110010101001
10100100000010001110110101010011
00100101000111101110001000111100
11111011101010101110110100101001
00100100000111001011000100001001
11101111011001100000000011011011
00001001111101101100010001010011
11011101000100001101001111000101
00000111101011001111100111000010
11011111110100001101001011110010
00010010110000001101011100100101
00000101101001001111010101100001
11101110001100101110001000110111
00001110011010000011000001011101
00001001010000000000001111011101
01011100101111101101110111010111
11110011110110000000000100100010
00001000011110001110100010010010
11011010000101100010111100110101
11110001001011101111011000000011
00010101010010100001110000001001
00010010000001000011111000000001
11111011111001000000000011111101
00011110010010000000011100111000
11110101000110000010111101001010
00010101101110100001101100111110
11101110110110001101011000010011
00010010000010001110011000110100
00010101101000101110010100001001
00101011000011100001111010101000
00010010101111101111100111111000
11101110001101001110101010111010
00100100010110000001100101011110
11101000111000000001110010110010
00010100010011000100000100111011
11111111001010000000000100100110
11111011110100001010101010000101
11010010001100100000110000000100
00000111111001101110110011101100
00001110100101100011011100110110
00111111000100001101101011110001
11110111011010101110111101001101
11011010011111101101011110001100
11110001100101100000111000010011
11101011110100101111101111101110
11100100001111100000100011101101
11111011101011001111001001100101
11101101101010001111110110111100
11101111101011101101101011001101
00001101010000001101110111101101
11110001110101000001110010001110
11110000101100100010001001110011
00000001101000000001100101101110
11001110011010001111101100000011
00111100010101100001001111101111
00111101010011000000100110110101
00010001100010100010001010001110
00001100010101001110110010111010
11111010110011000000010001011010
00001000000011101101011000111001
10111011100000100001000101001001
11010011000001100000101110000001
00111010010000100001000001011000
00001010101010000000001101001001
11011100000011000000000011000100
11010111111011100001010111000000
00000110011001001111110011011100
11101101010110000000010100011011
00101010010111101111010010110001
00011111101011000001101000110001
11100000000111101101111001010100
00100010100011000000110001000010
11010110011011001111010101101110
11111001010010001111001100100100
00010111010101101110011001110100
11101100111100101111010110100100
11111000110000100000100001111101
11011101100000100100010001110001
11100010101011100010000110100000
00000101000010100001011110101000
00001100101001000000011111000000
00001001001011101111010100001010
00010000011001001110000011010000
00000100111110001101100010110100
11101000011000001110111010110001
00001100100011000001011010110111
00000000110000001100100011101100
10111111111111101110100110000110
11110100101010100000011011101100
00101011110110100000000101101111
11100000001100100000001000111010
00001001000110001110111111010111
11100011110101101111111111011001
00000101101100100011100010000001
11101001011011101111110001000101
00000110010101001110010100000110
00101110110101000001101010100000
00110010111111000000000110111001
11000111001000100000001011100100
11100111111111101111100100101101
11110000100001100001001001110011
00100000111000001111010101010011
11000010110000001111110111101111
00001110100110101101100011011100
11111010000001000001000001100011
00000011010110101110100011011111
11110010001110101100010000100110
00000100011100000000110111010001
00000111011100000001011100111110
11110100111001000010000001011001
11111100000101001110000101100100
11011000010101101111000110101110
00101001000101001110110100010011
11110100100001000010001101011011
11010001111111101111111110010100
00100011010001101111011010111011
11110101110000100010010110111110
11101101011001000100010100111101
11110001101000101110000101001010
11001110000101000000000101110100
00010111011011101101100111110111
11111110110001101111000111011011
00000111101100100001001011010110
11000001010101000010000010011101
11110101010100101111100110101100
11101000100111001101101110001000
00011100110011001110111100011100
11110110010001101011110010011010
00011101001101000010011111000101
11101010001111000010010010010111
11011101100101100000011110100010
11110001011011000001110101110111
00100110110000000000000000110110
00000100100000001111001110010100
11001000100101101111000000101010
00010101100000101110010001110110
00010100100101100000011100001100
00111011101011000001010110000000
00100111011011000010110001011110
00000001111010000000110010101101
00010001100010000011100100000001
00000000000011001111100101100111
00001100101101000001001001101011
00001010100001100010011100000100
11101100001000100001011011010100
11111011110100101011000011010100
11110000001100000000111011000110
11101100000101101111001011011111
00001000001111001111011100011011
11111010100101100011101011110011
11111010110001101111100111100101
11110010110001001111100101000110
11101100100000100101001001010001
00010100011101000000011001110101
00101010010011101111111010101101
00100110101001001110101000101001
00000011000110000001110101101110
11110001001111001110101000110111
00111011111101101111110001000100
00011111001000000101010110101100
11110110101111000001010010110101
11111000011001101101011000010111
11011011011101100011010010101111
00001010111010100001111000000101
00011001011010101111111111111100
11101011000010000010001010011011
00100111101110001101010110011110
11111101101011101101100110001100
11111100010110001111101101100000
00111111100001100011011010101001
11101100111101001111100111000001
00011101111110101101111101010101
11110001001000101111101110111000
00100011110111101110011111000010
00001111001111001101001010011010
11111011100100001010110100111000
11111101110111000100111011000010
00010101110111101111101110010111
00010001010010100001001011101111
11011101101110000010101101000101
11111001111000001101110110010100
11011001010010101111101010111100
00010111000000101111110010110100
11111011011001001111110100101000
11111010000011001010010111100011
00011100110010001111110111100010
11101010101110000000000000010011
11100001001100001110100100011010
11101000101100101100000001111000
00100100001111101110010011011110
11000001010000101101001111010101
00000000010111100010011110100110
00001100001000001110000001111101
10110000100001101110100101001110
10111010001110001111001101001101
00000000010110100011011110010100
00000111101011000001010101110000
11011010001111001111100001011110
00010100001000100010101011001111
11101111101110001101010001111110
11101001110001101101110101001010
00000010110010000011110110000111
11010010100010001111010100011110
00001111001101101110010001110111
11111100001011101111001001000100
11100101101101101111000001111001
11011011010010000001000100100101
11111010011101001101100110101000
11011100110100001101100110110110
11011000100010000001001110011111
00000110101011100000001101110000
00010001110111000000101001010111
11111110001101001111111001100100
11100101010100001110101110000111
00101010001001100001010001101011
00110001100010100000101100010011
11111001001001100000000011011111
11010010100100100000101110101101
10110001111011000110000000011010
11010000110101101111011011101110
11101111010101100001010111011111
11111100111011001101011011001101
00000110011000001111101110011001
00001100000010000001001000011101
00000100011000101111011100110101
00100011000000001110111011100101
00011111100110001111001001101110
00010010101110000000101111001010
11110011101111100001101111011111
00010100101011100011010101011011
11010010111010101111101100110101
00000001011101001111110010001100
11111001110100000001000100011001
11000000000011100010000000101111
00010100001011001111110111001110
00010001001000101110001000101000
11111100111010100001001111100110
00001111110010101111101010110011
00011010010101101110110111111111
11110010111101101110111101010110
11110111010011100011110101000111
11110111001010001100111011000001
00100001000001101111110000010100
11110111101000100011100100010000
11110001010001000000010110011110
00011000010011101011000110110101
11110011011100100100011000011101
11010100000101000000100010000000
11101011110100001110001010010011
11111110111011100000101001000000
11100110010000100010001001000111
00010101110000101110101001010111
00010010001011100000001000110100
00011101110111000000000100101100
00001010011101001110000110100110
11110111101010000000111100001100
00011110001010000011100101010101
00011110110110001110011001100110
11101010010110001101011000011011
00011111110010101111111010101111
00001001010100000000101110011100
11110111011111001111101110010110
00000010101101101110000110100000
00000100101001100001101100111100
11101010010010100011011001011110
00011010101100100001001000101101
00000010010111101111111011011000
11110111101001000011010101010010
11101011111010101111000101101111
00111100110011000000111100100101
00010111100010001100011100000001
11111101100101101111010001101010
00011111111010100010011101000010
11111101000100101111110110010111
00010010110110001111001001000000
00111010010000000001100000110100
11110110000011001110111010011011
11111100101100000001110110100011
00011001100000101110101100111011
11111101001001101111000100110010
00101001110110001110111111101101
01000000000110101111100111110010
00001001110111100010001010000111
00001100000100101101101010101001
11110100010011100001001010111011
11111100110011000000001010100101
11010101000101000000101000110111
00001010100011001111110011000010
00001111000110001101111001100001
11110010111010000001101000110110
11101110000010001100111101011001
00010100000001101100011101001011
00101101100011000000011011011001
11110101110010001011010010101001
00110000101100000001010011100011
00010010011100101110101010110011
11110101000100000001110010111100
00001001110001100100010010011001
00010011000011101110101101100110
11100100101010101101011101010110
00010001010011101100010010100110
11100110100101101111101011001011
00011100100110100001011001100100
00101001111011101111110100111001
00010011111000100011110010011100
11010010100110100000001001101101
11101110111010001101100011110000
11110110100011000000111011111110
11100100000010101110001000100100
11001110101011001110000011010101
00100101101011100010001000100000
11110110001111000011110010010001
00001001111101000001111011011101
00000000010100001111100101111111
00000100010011101110001110100100
11001010001000101111000011101101
11010111110001100000001110000010
11001111011101101100110101010100
00100101111010100010110001010110
11010111010111101111001111100001
10110111110000001110010100000001
11010100001101000010100010001001
11100111011100000010001011001000
11110010000101000011010011010101
00011010000011001111111110010100
00010000100000001110110011000010
00110110001111100000111010001110
11111110110100100001101001110000
11100000111000100000111000000111
00110011101110000010100000010100
00000101111001101110011101110001
00001100111110101110000011111110
11101100001000000000000100000001
00100101001010100001101010111110
00100100010000001101100110100111
00101000010111001111001001111100
00011100101100001111111110010011
00001000110101100000010111111100
11001110010100100001010010110011
00010100000001000000000101100000
11001010001010101110010110000111
11010100010011000000000100001110
00110010001111101110100001010001
11110101011101001011111111010111
00000100111110000000001010001111
11110111100100100000110001110011
00001000110000000000010100101111
11100111110111000010100010010011
11001010001110101110010011011000
00010010011011101111000011110100
10110111111000000010010011100011
11011111011101000010010111011111
01011100100101101110001110101101
11100111101101000000100110111111
00000111010010001110101001000111
00011010110000001111101010000001
11111001110111100010110100101010
11100000000011001100110111011000
10110001010110100000001011100001
11101001001001101100010010110101
11101100000010100000110101001111
00101000101000000000111010001110
11101111011001000011000101111010
11001101110110001100110110111100
11111011010110000000011011111110
00010000011100000000101011011111
00111101011110100000110110001100
00100000101000100001010100010011
11011100000010001111000000000101
11011110100111101111001101101100
11011110101110000100110011001110
11111110000010100001110001011000
11111011010011001110011111001110
00010101011011000001001111101011
11100100110011101101010100101010
11101111110100101101100110110010
00001001111110001110011100011100
00011011001100101110100011100001
11011111001101100000000000111010
11101110110001000000110100100110
00100100011011101111100011011001
11111001000011101110111011110111
00111101011000000001110101101011
00110011010000001110111010110110
00101000001001001101110110000000
00000011110011101010100111110101
00001001001111001111001101001100
11111000110100000000001111001100
00101101011100000000100111011001
00000000111010000001110001101101
00011101101100001110100010100101
11000110011111000010001001111111
00000001110011101110100100110010
11100001110010001111010011110000
00000010110011101111101000000111
11101101000100000000000010110010
00011100011001000000000101110110
01001010001011000000001011111010
11010100111100000100010110010000
11100110101011101110011100100101
11111101001101000000111011100110
11110001111100001110100001100110
00000010110001100001010111011011
11111111000100001110000101111000
00010111111100001101100001111010
10101010001110000000100011000010
00100101111111001100111000011010
00100001001101001101110111011010
00001000000011101110000000111001
11110111011100100010010111111100
11011100100101101110111100100011
11101011000100100011111101001001
00100001010110100010001110101111
00011010010001101111101000001011
11111100101100000010000000000010
00101101101000000000001101011010
00010110001000001101100111111001
11000000110101101111010011111110
00000110110000100001000110110001
00100011100011101111101110111001
00111000101101000000110100101101
00001100100000101111111111111101
00101110011101100000110111111110
11110101111000100001101111110101
00100011110001101111101001111110
11010100001010100000000001011101
11001011010101000001010101010011
10110110011111001111000100000011
00011001100100000001100110101101
11011110001111100000110100100011
00001100110100100001001111100101
00100000010101101111111001101101
11010100101110100000101011101010
11101010111110101110100001001111
00000001101011000000101010011011
00101101011110100011100011110111
11110110011101000001111101100011
11111000110101100001101011010011
11001100111001001111100011010001
00000001001000100100100011100100
00011001000110100011000100110000
00011101111101101111011100111110
11111111101010101110100100100000
11110101011001100001000110011100
11101000111010000000011010001000
11110101000010001100100100100000
00100000000111100000001101110100
00000000111111101111101010001110
11111000001110100101000011001110
00011110100101101101110101111010
00000000000001100000100001011100
00010100000101100001000001110110
11010010100011100000000010100110
11011100110000101100010111001000
00001110010011101110001100000100
11000010000000001100101001011111
11011000011000101111100100100000
00001000110011001100001110000010
00000100100111001101111111110010
11110110001111101111110110011001
00000010011011001111101101010000
00001111010000101101100111101100
11001011110100001101100111101111
00011101110111101110000011000001
00010100100001101110010100110100
11101011111000001100100011000110
11111101011010101111011001000100
00011101110000001111101000011011
00100011011001101111110001001100
11110000110001100101001101000010
11110110010010100001001101101011
11000110111001001110000011100000
11010001000000100001111100100101
11111110000001000001001001000011
11100001111111001111010110010101
11010111101101000001111011100100
11110110111100000001111000001011
00011011000101000011111101111111
11110000100010001111000010001101
11110101011000100000110101000110
00001010101001101100000000110111
11101010110001000001111000011101
00001011110000100100010100101011
11110110001000101101000010011010
11111101101101001111101111001111
00011110111111101100110010101001
11111000111001100001001010111111
11101110100001001100000010100000
00001100011110100010001010010000
00100110111110000001100000111110
00001111111111001110001001111111
11010110101011100010010001001001
00011000100100000010010010101000
00000110100111101101101000101110
11101110111001000010110101100110
11110011000011101111010101111000
11111100010110000001000000010100
00001001111110100001011111000000
11100100010011101111010001100111
11110000101101101100110110101111
11101100000011101111010111001100
11110011111011101111101010110110
11100010110001000000010101101110
11110010101011001101111111011101
11100001010011101110001110010101
00100101011001101100010111111110
00011011100110101100100101110110
00000001111001001111101111010010
11011010111100101100100111100111
11110111011111000010110101111110
00011011110100101110111111011000
11101100000011001111000101000001
11100001011001000010100001011011
00011110111100001111001101111000
00000001001010000001110110001110
11111011001001001110111101110100
11101010110001000100100011101101
00110100011011101111101111100110
00001010110101101110110000000000
00010111110101101110011010101100
11000001100100000100101001101011
11101011000010000000101000000001
00101000101000000100101010111011
11001110101000101110111011110010
00011010000101100010101001011100
11110000001010100001010010000111
00010010111110000001110100010100
00101000001111000001100110100100
11011010011010001110110100000101
11110100110011101111101111111011
11100001101100101110010011010001
00010111111010101110100111100100
11101001010101100000110011101100
00001000001111100001100011011101
11101111101011001110010110011100
11111000010010101110111100000101
11111011011111001111110111000011
11101100111010001101001110100000
11100011010000100000101110110000
11111011111011100000100000011110
11101111111001000000011111100010
11111001111111101101101010100100
11101101001111101111010010110110
11110010001110101111010011001111
11111011110001000001100011111011
00010100010011000001010100001100
11101000000001100010111101111010
00000011110001001111110101000100
11110100111011001101010101100010
00011110000111100001110110111100
00100000011110000000000011110010
00001001001100000001101111101110
00010001110000101101100111101110
11011101111000100001001000001000
00010101111101101110001001100011
11111000110110001110101100110111
00001010011101000001000001101101
11101100000000101101010010101101
11101101000010000001110000111111
11111110011110001110011111010100
11111011011111000010000001000010
00100110100001001101110111000100
00101000101100001101010011010011
00011110111100001101011111000001
00001101110010000000011010101101
01010011100011000001110101111011
00010011101000101111010000000001
00001011010001101111000101111101
00010000000101101100110110010110
00010000111000100010100001111111
00011001000101001101101001101101
00101011101110100001111110001110
11010100011001001110101110110010
11110010110000000010110110110011
11001111101101000000000100000010
11111000111111001110111000011101
00001010101110101010111001011100
11111010100100101101101011100101
11111101001010000000011110000111
11100001101100001111111111001110
11010111000101000000000111100000
11010001011000000000110111110001
11001101000110100010000001111100
11010011010110101111000010101110
00001100000111100010001010011101
10110001000001100001000111011100
00110110011001101101011100111011
11011001111011101111001000000101
11110001100110100001110000010111
11111001011010101110101101001010
11110000010101100000111010010110
11010010011000000001011100111110
11101011111011101101111110001001
10111011111000100001100010110000
11101011001101001111110100110011
10110101100010100000010010000101
00000100100001001101110011101101
11100000010100100001101101101010
11111010010010100001111111000110
11110000001110101110010100010101
11110010100110100010110110110010
11110110001111001110010011100001
00000011101011001110001111110111
00101011110000000000110010010011
00001111011111101101111100010010
00010010110010001110101010110110
11010010011010000010001110111101
11100110001111101111010100011001
00000111001001101111111000100000
00101111001100101011011101010101
11101111000011000000011111110111
00001000001111001111011010111001
11011101110101101111001001010110
00100010000111101111101110001100
00011010111001000011101101000011
11101010100110001111000111100101
11110011001110101100111010011011
11110111011111001111001101111001
00010101101111001101001110010000
11000111001110001101000011010101
11011110011000000001011101110011
00000010001110100010110110001101
00010100011001001101111110000100
00010111011110100000100010011011
11000000110100100010000010011111
00110011011001000001010010101101
11101110111100000110011100111000
11101110111011101111011100101111
00011100100110000010010100100101
00000100011111100001000100001101
11100011001100000001000100010110
00011000001101100001000000110110
11101001001011101111000100000001
11100000101001001111001101011001
10011110001100000000010101000001
11101000000110100000100001111001
00011111101100000000001101111010
11111101011000000001100111100101
00001100111101001110110111100111
11111110110000001110111000100110
00111100001011001111011101110101
00000011011101101110010100111001
00000001001100101101000111110011
01001110001101001111100101010101
00110011001111001111000110100000
11011000101101100011110010000011
11110110001101001100111011001101
00011001101110000100111010110000
11111001110110101111100110101111
00101011000001000001010011111000
00001010010001101111011001001001
10101110000101000000111100100101
11100000001000000000101111101001
11110011110101001111011010101111
11111101111111001010100110101110
11100001000011101110001001111110
11111010110111001110001100101111
11101100110001001111001110100010
00001101100100101101111010000111
00000010001001000001101100001101
00100101010100101111111011100011
11111101101001001011010010101001
11101111101011001101111000101110
11110101000000101100000010001000
11110001011010000010010001111000
00010110100110100000101010111100
11110101011101101101000011001001
11110011101110101110000100111001
11110011011111100001111000010010
00101000011000000000000000101001
00101001111010000000110001011010
11110010010100001110100100001000
00010100010000000010011000101000
11011011001110101101100101100010
11110111001100000000111000101011
00100011111001100010110101011101
00111100010000100001110100011110
11001111100010000001010000100111
00000001111010101111111110000000
00011111001011000000001001111001
00010110101111000001111001001001
11001110011001001110110011100101
00001101010101100000000011001101
00001111101000001110000101000101
11111001111000100000110101011110
10100000010111001110101110010000
00001011111011101111101101011001
00000010111100001111011100000111
11000010011111101100101101011111
00000010111001100001001100110001
11011111101001100000001001111111
10110001000110001011000111100111
00010100110011101111000000111010
10111101101110000010101010111110
11110000011101000010100111000111
00100010001010100001000001001100
11000000111111101101111011011000
11010001101100000000101110111100
00000011011101000000010011110011
00010101001000001110101100110001
11111001010110101111110001010111
11011110111111101101110000010101
00000101001111100001000001001100
00001010010010001111110101110100
00101000101101101100001010100110
11111101110000101111110110000100
00011011001110100010001000000001
11100000101101100000100001110001
00011100001111101111111001011111
00010010100100000010010100000111
11111001101010001100100000001010
11111000010010100000101011100010
11110101111101001110110001000011
11101100111100001111011011010000
00000010111110000011110011010101
00000100010101101110101010110100
00001010101101101011001000001100
11101011101001100000001001100100
11010000011101001111111011100110
00010101000000100010100001001110
00101101101101000011100110100111
00010100101001101110000010100000
00010101001010100010101001101101
11110001011011100001101001111100
00000010110010101110101001110000
11010001111100000010011000110010
00101110011000100001010111010100
00000011000011100010111110101101
00011111001101001100110101100101
11101001001001001011010101100100
11101000110100001111111011010011
11110101011100000011010110010111
00100010110100000010101111111001
11100101101011101101101111000100
00011010000010000001111010011011
11100000110000101111010010001111
00010100000001000001000011100001
11111000001011001100000010111000
00010110111111001111100011011001
11111001100010000001001011111001
11100111100111001111100100011111
11000101011110101111010101110100
00010001100111001110110111110111
00101110110110101110001101100010
00000011000011100010011001001110
11011010101100101101111101011001
00000110010101101110101110101101
00000111000010001011111010111111
11100001010101100000001000110100
00000110011100100001110110100000
00001011001100101110010101111001
11010010000010000010000110001010
11101110101100101111111111111010
01010000100000000000010010110011
11100010000001100000000101011001
11101001101111001111001100011111
11111111101000001011011000111010
11100000001000000000011001111110
00001100011111100010001000011011
11111110010110001111110101001000
11111111100000001110001100111010
00011010110101001111100001111010
11101100001000001110000101111100
11100010100000101111100100011101
00010011111000100000001001100100
11110100110001001111111001001011
00011111100101101111001011010110
00000011110111101110010110001110
11010100001101000000100011100000
11101001111010101101111100010000
00010100111111100010101110100010
00000100010010100010001010101111
11000001010101001111101111100110
11100010000101000000000101011011
00001010111010000001011110111100
11010111010101000001110101011111
11110101001000000000001001101000
11111011100100000001011000100001
00010111110011000000111000111110
00010110110111100010011100011001
11100111110111100000010100110001
11010110101100001010000100010101
00001101011010000011011101001011
00010010000111000011101001010011
11010001100010000010001000111110
11101110011001101100111010110101
11110011100111100000101011011000
00010111001110100000100011100101
11001101001111001110010111001111
10110100000000100001100001010001
00011111111010000001010011010011
00000000001011001111011010010000
11111000000000101111101101100100
00000011101011001101010111110101
11101111111011100000010011101100
11110011000001001101101111100010
00100010111110101111110010000010
00100010111111000000010110111001
11100000110100001100111001111101
00001110000011001110111101110100
00000000000000001111001111001110
00100000101011101111010000100011
00001000110111101111101111000000
00011101110100100001000111100110
11101001100010100000000001101100
00010111001100101111010000000111
11110001100110101111010011110101
11110100111111101111111111110110
11110011000101100000101101001101
11001110000100100000010111111000
11010010011101101111110000010100
11101011001001100000011001101100
10110011011111000001101111001100
01001000010010101110110110010011
11111010100100001110110110001101
11101111010011001111111100000100
11101110110110101111110101010101
11110111010100100010000000000000
00011011010001101110011010011110
00010101100001101111110111011000
11010011011110100001011110000010
11100000010000101101111000010011
11000101101001001110000100101001
00101001110010001100001100100010
11110110011100101111000101100000
00111000010011001111101111000110
00011110011000101110100010011101
11111000011110101110101000110001
11100010011010101101001001111100
00001001001111100011101101001010
11101101110110000000000001011011
11111011100100100001100111110010
00011101101000000000111010111100
00001001110000101110110100011000
11011001001000101011110111000001
11110011110001100001101011100101
00000001100010100000000110010010
00100100100100101111000000001010
00000111000001100001011011010001
00010111101111000000000000111111
00010111001001101111110001000001
00001000111111101110010111001000
00010110001111100100001011101001
11011101111101000001110100100011
00000101110111100001001010001001
00001101110101001111101011101110
10011110100010000000000001010011
11110011110111101111000100000001
00001100110100001110011101010101
00001100010111001110100001100110
00110100111101001110011011000111
11110000100000000001101110101011
11111010100110001101111111110101
11111100011111101101000111110100
00111001011101000010100000111101
10100110101110100000110000110011
11110000100100101111111110100000
11111101010000101110000111001110
01000001001100101111111101110110
11101111010010000001101100011101
00100100100000001111001110110000
11010101110100100010000000010000
11111110100011000010111110011110
11101011110011100011011111000011
00001110101111000000000010101000
00000110011110001011100101000110
00101000000101000001011101100010
00011111010010000010000110000101
11101001000010001110011101101110
00000011101011000001100001100110
00001100110011001110001100001010
11011010111111000100101100010000
11100011011010101111111010100011
11111110001100101100110000100101
00001011011110001101010011001011
11000110010111000011100100110011
00001111110011000010011101000101
11101010001011100001100101100110
00001010011110000000011110000100
11011100101010001111111001101010
11110001101000000000000100100011
00000000110011101111100011011101
00000001000101001111010101001001
00000111100001001111100011000111
11010111000110001110111111000011
11110100110010100001111000101110
00000101000001100000110001110010
11101100011101001101011010001110
11001010000011100000101110000101
00010111110010000000100110001101
11111011011101000000001010001101
11100001001011101110100101100111
11001101001001001111011011001111
11010001101110100100011100101101
11001011100010101101010101100110
00001100011000101111111111011010
11111001001111101110011000000001
11111000100010000001011111111011
11101110111110101110011010001011
11101110000100100000101110001001
00000100111000101100111101010011
00010100110000001100010000111111
11101101110000101110100100011110
00100010110101100000100000101010
00010110000010000000111110001100
00001001001100100001011001001010
01011010110111001101110010001011
00010010001111101111010110011010
00100010101000000011000100100010
00000000011111100001000001001100
00110010101111100001101111111101
11011110010100101111000110001000
11111110101100000001010011111110
00010101100000000011000010100100
11010011011100100001111111010001
00100011010100101101001011011100
11001111010110101110101110110000
01010001010000000010000011011110
11101110110001001111111000010001
00001110110001000001011100000111
11101000100110101110100101101100
00000000111111000000000101010110
00011110100101000001100110011010
11101000000000001101101100110011
01000100111000101101011010100100
11010000010100000001001000100110
11101101000001101100111101110111
11111010001000000100000100000011
00000011001001001111110111110010
00111000001111001111110001100000
11110111010010000000011011000000
00000001111111001110110010100001
00000011011100000010001100001010
11101011011110000001110010101110
00001110110110101111101100101101
00010110111010101101001111011011
11100111011011000001110010100100
00001110011001101100001001110110
00001111001011000000010011011101
11101110100101100010100101100010
01000000100010101111011110111011
00001101000000000000100111001110
00000110111011001111000101101111
00111111010101101110111110110011
10110101010101000000111110000010
00000100010111101110001111101010
11000100001011001101100100000011
00011010010101100100011010111110
00001011100001101110011111101001
00010110001011000000001101110000
00011111000000000000011000000001
00111011001100101110001101010100
11010011100101100001111101111010
00001000011110101111111111110101
11110111100100100000111110010010
00011011101001001111111101000001
10101011010011100010000111001011
11100101011011000000011101011101
11011001111001100000101111000110
11011001011111001110010110110110
00011011100100001101011100100010
00101000010110101110111110101011
00011111001111101100010111001000
11011010110000101101010000000001
00011001001000001101101111111101
11101100110101001111111101110001
11111111110101100001110100100110
11100110110001000001011000110000
00101001111100001101000011100101
00001011101010001001111001001100
11100100111001001110100101111010
00010111101110101101010011100100
11110110010101101111100100111010
11011111111001101011110100101010
11111010111010101110110111110000
11110100100011100000101111110100
11010011010111100001000111110101
11111010101000101101010000101000
00000110110111000010110000001010
00010010010011001100110110110010
11010001001011100001010110100010
11101111110010101101101111010010
00001011111101100001100010100100
00010001011011001110011101010101
00010111110111001101011000101111
11101110100001100000101101111011
00011000111001001100011110000101
00100000111110101101111001110100
00111110010011001101110011111101
11111111010001001111000011101000
11101101011101100010010000111100
11111100010111100001001011111011
11110011010010101110100101110111
11111011101011101110101101000001
00001010011001100000000110000101
11110111010101000000111100001100
00010001101100000001000101010101
00110101010011001110110011000100
00001110111010100000010001101000
00000001101111100001100101101010
00100010000110100100100111011011
00000000111101101110000001010100
00001100001010000010001110011100
11110101010001101111100101011000
11110101010001001110110111011111
00101011110000100001111000001010
00100111100100001110100001111010
11111010110110001111001000001100
00011101111001101100111110100001
11111010010110000010110111010010
11111110100100000001011100111110
10111011111011101110011111011000
11111100010001000011011101011001
11010001100000001101110010011010
00111111011001000010000010010000
00010010101011001111000100111100
00010011111010101111110100001010
00001100011001000001101001011001
00000011011010000000101011101111
11110111010001000001010000111110
11011001011001101111000001010100
00100101001101100011000100011110
00100101101010100000011101000000
01001011111000100000010111010000
11010000100110001110011111100010
00100010111001100001010001100101
10110000001001100010000010010011
00001111110011000010111001011100
11111111100101001111100111001100
00000010001101000010000010011000
00000011011001101101101100101100
00000101001010001110011000011000
00100010111101100010100001010111
00000001110100001111010111011010
11001001110010000000010100011011
11101100111111101110010101100100
00100111011000100101010111000101
00001000010001001110001110110110
00000111100011000001001000011011
11110001111100000000110011100000
11101110011110001111001000001111
00111011110000100000011111010100
00010110011011100001001001111101
00000000000111100100110000101110
11110100110001001111000010000101
11100110011011101100011000000100
11101110101100100000101110100001