00000000000000000000000000000000
00000000000000000000000000000000
00000000000000000000000000000000
00000000000000000000000000000000
00000000000000000000000000000000
00000000000000000000000000000000
00000000000000000000000000000000
00000000000000000000000000000000
00000000000000000000000000000000
00000000000000000000000000000000
00000000000000000000000000000000
00000000000000000000000000000000
00000000000000000000000000000000
00000000000000000000000000000000
00000000000000000000000000000000
00000000000000000000000000000000
00000000000000000000000000000000
00000000000000000000000000000000
00000000000000000000000000000000
00000000000000000000000000000000
00000000000000000000000000000000
00000000000000000000000000000000
00000000000000000000000000000000
00000000000000000000000000000000
00000000000000000000000000000000
00000000000000000000000000000000
00000000000000000000000000000000
00000000000000000000000000000000
00000000000000000000000000000000
00000000000000000000000000000000
00000000000000000000000000000000
00000000000000000000000000000000
11100011111110000000110011001011
00100110000100000000100100101010
11111111110101001101100001111110
00001000110001001110110011111001
10111111011100001010010101110011
11111000000100001110011110101000
00001100100011101111101101011000
11110110111111000010111101100111
11000010010000001101100010011011
00000000101000101111100101011100
11110011101000000001000101110010
11110001101100000001001001010001
00110011111100001100011000000011
11110101110001101111110101011110
00110000010011101101010010111000
11011101001001001110001101011011
11001100000111001100000100101100
11111010000010000001101010000010
11110101011100000001110000001101
00000100010011100010000101000111
00100010110011000001110010001011
00001110010110000001000011011010
00001001100110000010000001100111
11101111101110000010111101000101
11111010001111000010111001100010
00100110010101000000101100111010
00011000100110101011111111101111
00000110000000100000010101111111
11010101010010101101011010000111
11111111001001001111010011101010
11111011001010100010000101011101
11110111000100000001000010111001
00000000000011101110101000011011
00011000010000001110110110100101
11100011101001100000011100010100
11101110110001101111001000000111
00110110000010101110011100110111
11100010001100001110100010010111
11110110001100001101111110100010
00001001110110101110100000101011
11111100100111001110001110001001
11110100110010001111000001101101
11011111011001100000000001110000
00000000011101101111010101100111
11101000001000001111001100100001
00100101100000001101101001001011
00000110000010001111111000110110
00100000111110100000010101101011
00100011110110100000101001110011
01010001100110001110110100001010
11000000111010101101101101001000
11111011010111001111000111010100
11011111111101001101101011001101
00010111100011100100000111100100
00001111111011001110101101111100
00101000111010001111001111001110
00101110111111101101111110110111
11010011010010001011100011111110
00000100000111001100010110101110
01001010001010001111010111011100
00100100001001000000011011011001
00010010110111100000100000000100
00011010010010101111111001110010
00101000011101000000001101001110
11111100110011101011100111101101
00111000001110001101111010010011
11111010101100001101010101001100
00100110011111100000010110011010
11010010111000000011110000101001
11101001100010101101011010001110
00010101100000001100110010000010
11110001010010101111001100111010
11010100111101100001010000111001
00000010111100000010111001011101
11101111001101000100001111111100
00001110011010101110111100000010
00011110111010001111101010111101
11110100001101000010110101101110
11001101011010001101101001011110
00000100101011100011000000110010
00010001011001100010101111100011
00101110001010000011100001100010
00110000001100100011011011011010
00101101001000100000001111111000
11000111000110101111001100111101
11010100101111100001011000001101
00010110000011100010000100000000
00011010011101100001010111100100
11101110001000001111011110001101
00001100100011100000110000110110
00001110110101000000100000010000
00100010100000101011111001000000
00011101100100001101111110110111
00010111111100100000010101000111
00110011010110000000110101111010
00011010101010101101111010011000
00000010110010000000101001101000
00001001000011001101001001010010
11101111100011001110000001101011
00101111000001100010110001100100
00001111001000000010100001011010
11101110111000101100011010011010
10111011011011100000100111010011
11010100011001001111100100111110
11110011111110100001000010111110
11100001011110001111000110110110
00011000110001100001101010111001
11101100111111101011101011011100
11110001111010101111111010001000
00001100011100101110011101001110
11111111000001000001100101101001
11111100100000001110111111000010
00001001101000001110110011010010
00011100110000100010110100111010
00010010111001101101011111110100
00001011101010000000010010110100
00011100000110101111100011000101
00011011111111001110001111100010
11110100010000100000100001011010
11111010011000001111111001011110
00001001111000001010111000011100
11110100100011101110111101010010
00000111111001100000111110001000
11110111000011101110011010110110
11011010110010001111110101110101
11001001000001000100000110100010
11111101100101100000011110000010
00010101101111101111101000111100
11010001010000100101010010010111
00000011000100000001101111100001
11101001101010100000111001100010
00000000100111001110011101001011
00001001101100100001101111000101
10111111110010100001111101100100
11001110010011101110011101010000
00001011101010101101001111001101
00011101101001001110100011110001
00001010001000001110111000011011
11001110001001100010110000111010
11110011100101100000000100111001
11101011010011001101010111011111
00100000100001000000100100111000
11111011101000100010010101001000
00001001001110001111000111000011
00000100111001000000101001111101
11111101100011100001111110111000
11111111011101101111010110110001
00000111100110100000000100100100
11011010011100000010111101000000
00000000110000001111110011110100
00010100100001000000110110011101
00001111010001100001110001110010
11101110000011100001111000010001
00101101000011000000110100000110
00110000001000001111100001001011
00000011101110000010110001001110
00000111010100001100101111010010
11111110111111101101100100000110
11100000111000100001010010010111
00010100000100000000100001111100
00000010111101001100001001001101
11110110010110100000001011110101
11011011100010001010111011001100
10010110100100000010100110010101
00001100100101001101010001001100
00100100110101100001101110111011
11010111110100100010000011111010
11101010001010101110000000000011
11101010011000101110000011101001
00011011001111000000110010111011
00011011101001001100010001010000
00010000110100101101001100110011
00111111000010001101111111110010
00001110100111001110101111110101
00000110101111101110010100000110
11100100101101001100011110011101
00010100100011001110010100100110
11010110010110000001110001010000
00011010111001100010100110010011
00000111001110001100001001011000
00010010101001001111000100110111
11110011000011100010111100100000
00100011110001100000010000011001
11100001110101001101011111000100
11100110111110001110110111010000
10101110110100001101000010101000
00001100011010100000110010110111
11101010010100100000100000001110
00001110100100100001000101101111
11100010101100100010001111110100
11001011011010100000111000101101
00011110010111101111100010010110
00011001101011101100001010111010
00001010100110101100000101110011
11110101111100101111010101111101
11000111011101100000100111011100
11110001011010101111111111111011
01100111011000100010001000100111
00001001111100000000111100000111
00000010010010000100000010010010
11111101010100001111101110010010
00110100110100101101101001010011
00000100111101101110101000111101
11000010111000000001100111110010
00101001010010101110101000001101
11100111001111101110100001110111
00011111011111001100110111001111
00001010100001100010110100110000
00000000010000100001010101000100
00001010001001100000111001011011
00001001011101101111100000001110
11101111111011101101000111010101
11001111100110001110000010110111
00000010101010101111010100110010
00010110100001100010111011110010
00000011111010000000000110110001
00100101111111000010001010111000
11110010001110000011000001110011
11101111101110000001010000000100
11001010101010100000100010011101
00001011110000000000011101001001
00111001111000101111000100110100
11111011011110000000111011011100
00000101010001000010000111010001
11100101110011001110011111111110
00101001000111000001100000011110
11000101101010100000000010111110
11010111101101001110101011011011
11110010010110101111101001110000
00101011001100001101111000101101
00010000100011000000000101001100
00001001101011101101110111110101
00011001110011100010101011000100
00011001011010101111111011110010
01000001000001001101100001110000
00011011010001001111011110011011
00010110001101000011001110110110
00011111000010000000000001111111
00001111110011101100111011010010
00001011111010101011101101111001
11001000010111000000000100101000
11100111001101100000000110000001
11110011110100001101100111110010
00100110000101000010001110010011
11101111110001001110011000010101
00000000110011100011110000101110
10111111000000101111001011010110
00010111111000001110111100010001
00010100110111101110100110111100
11111011011101101111101111010111
11101101000010000001100110101010
00100101001000101110101110100101
11100100010001000010110101111111
11111011010001000001100111110110
00000100101001100000011100010010
00010000101011100000001110111111
11100000101100101111001110000001
11111111101011100010100010010110
11011010100101000000100010010000
00110001101111100001011110001010
11100011101110101101010011010110
00110011011100001101011011101101
11110010101100100010011100011110
11101000100110100000101001010010
11111100010011000000100001001101
11110101010101000000100110010110
10110000100000101101100011011110
00100000100111001111100110101100
00010010101000100001000010101000
00100011001110000000011011101111
00001010110110001110010110100000
11101010111000000000111111000000
11101101010101100010000000110010
00010011110111101101110010110111
11101010010101100000101101000111
01000000000010101101000001110000
00010000011111100010010011001111
00001010011110100001000001101101
00001010011010100001100101001011
11101100101100100000101000100110
00100000001101101101101100110100
00100011110011001111101000010001
11010010000101101100111001000111
11011000100100000100011101111110
11110101010010001101101010101111
00100110011010000011111110100011
11101011001101100000001010100111
11100111010101001111111010101100
11101110000011100001000000000011
11100101001111001101101001100101
00100101110000001111010110001110
11110110010000101111010100000001
00100100100101001111011110001010
10111111001000000000000001110110
11111011100000101111000110111110
11000100111101101110111010101011
11111010000011001010101000001011
11110110010101101110011000001001
00000101000100000010000111100110
11101110111001101110111000011001
00100000000010001111100111010000
11100110001100000001100111010100
00101011000010101110111011101110
11000100100101101101110101000111
00101000111010100001110001110101
00110111110100001101110001111001
00010010010011001100100000000100
11101010101001001000000001001111
11110111110001101101101101011001
11010001111100100001100000010110
01010001000001000000010011100100
00001011111100101110111000110011
11110100000011001111101011000011
00001000101010100001111100001001
00010100000100100001000011000110
11111101010001100011001110010001
11110110001111000001101110010011
11011011101111100001101010011100
11000111100111101111010011010110
00001011100100001110101101001101
10110101110010100001101000100101
00011100100110000001001000011001
00101110111011100100010000101110
00010010110010000000011001001010
11101111001000000010000101110010
11100011110101001111100001100110
11000011010101100001000010101000
00011011000101100011011111000100
11010011101001001101110101011101
11110111000001001110101001000011
11111001000100101110100011001110
10111001111110001110001111001110
11011000111001001111010110000000
11110110010010101111001001111010
00001111110101100001100010100100
11100100110101101101111101000000
11100111111110100100011010111101
11101001010101000001101110101111
00000010001111001100001001000110
11111011011111101101100011011101
00001011010010000010000100010111
00011001000000100001011001010111
00111011111000101110111000011110
00000111011000100001001000110111
10111111001010001111110001001011
00000100101100100001101101100001
11000101110011100000111100001000
00100000101010001110100000011011
11101101100111100010110100000101
10111101000011000000000000110001
11011111101011001110101001001100
00000101100100001111110010010101
00101000001111001110111001110100
00001001011001100000100010000101
00100011000100001111000011011110
11110100111100001100110000110010
11110110001100100001011101100010
10110101100101000000110100110001
00110110111111001100111001011010
00010000100001000010011101001010
11011101001100101111010101111110
00010100101011101111010010001001
11101001001001101111111000011000
10111011100101100000001010011100
00000011000111001111001111000000
00001111010111001111001111110101
11100100010111101101101000011100
00111101111101101100101000001100
00011101111111100101111101000101
00010111011001101111000110100110
11010010011000100000110011000011
00100001000000101111011101101111
00100110001000100001010101111010
00010111001001001101010000101001
00000101001000001110011010100011
00000111100100000000011010000101
00001000000111100001100011011111
00000010100111001111110100000010
00001001001101100000111010110011
11100011000111100000110100101011
00000101011110001101000001010110
00000100101110001100111111101011
00001001001110000100001101011111
00001110001101001101110111011001
11101111010110100000010110110110
00011001100010101111100010101110
00000110110110100001000100010110
00011011110100101110001100000101
11111000010111100001001001011011
00011010101010001111100101111000
00010010010010101111010001011010
11110111010110100001100111110001
00001101101001101011111001101000
11110111101100001111001000000100
11111110001111101111001110100110
00010010000101001111001111001111
00110001100010000001001011010111
00000101000101100000101011101010
00100100011111100000010011100010
11111100001001001111111011111111
11101010001000000100001100000011
11111000001101001111110101000100
11100101110001101111110011111111
11001001011110101111000010000001
00100110111001100000001000110110
11011110101011001111101011101111
00001010001101100001010000011101
11101010110001101110110011101101
11111001010111100010100010010111
00000100001100001100001101000010
00001000001100001111110000111101
00001100011001000000101101001011
00000110111010101111101100101000
11101111010110100001110001100011
11111011111110000001111011010111
00001111111011000001110000110111
01010011010110100000011011100101
11000100100110100000110010000110
10111001110010000001011011100010
11111000100100001111011011000110
11001010011011001110110101001000
00001001000001100010000010000001
00011101001100001110000011100100
11011100011101100001010010010010
11101000110000101110010110001111
11101011100111000001001011010110
00100010000001100000001011011000
11011100111110000000011010100110
00000011010100100010111000100100
00111001100110100001000110100011
00011001010111100011011001111110
00100010010101100010010010111010
00101110010011001110111101010101
11110100001100001110110100100110
00011001100111100010111100000001
11101010001001100000101101110110
00010010110001100010000011110110
10001000000111001110101110101111
00001010001100001011011110101111
00111111101011100000010110111100
11011100001001100001110000001001
00001010000101001110111001000000
11110000101101000000010000110011
00000010010001000001101010001100
00011111001100101100111101100100
00000100001000101100110011110011
01001100110111100001010111001101
11100010100111001110010011110110
00010011100011100011010110001101
00000011001000100000000100000111
00101100000010100010000001110111
11111001000010100000100100101010
00100000000111100000011011110011
00111001110111001110100001110101
00001001001000101110001101011001
00000101110101001110011000010010
11100101000101001110000011110111
00010011101111001111000011100001
00101010101111000010111000011001
00000110001101000000010101011000
00010001000111001110001110000001
00011101010000101110100000111011
00011010010010001110001010001011
10110001101100100000111100110000
00010110010100101110110000001001
00011001001100001111110000000000
11100101001001100011000010100111
11111011110100101111100101000101
00011010100011001101111100110011
00101101110010101101110010011000
00000101111100001110010100111011
11111011001100100000001110110111
01010001001110000001111100100111
00001110101101101010110011101110
11110101101000100010110111010011
11010110101101001110100000100111
11010101000001100000010001010001
00010111000011000000010100011110
11111101000011001111000110110111
11110000010000000001000010000001
11010001010001101111001110101000
00010110110000001100100010001010
11101000101111001101100001111111
11111011001001101101000101010111
10110110010011101101101100101011
00111111000101000010011000110001
00100010110110001110100100101001
11101100110110000001110110100001
11111101010110001110011000001100
11111101111010001111111011011100
11101011001111100101011010001001
00001010100010101100101101111011
00101010101000100001000101111001
00001011110101100011001000101101
11010000110100100001110110011111
00011100000111000001111001000101
00101010101100001101110101101001
00100101010010001111000110001001
00001001001001001111000001011110
11011011111111100000010010110010
11101111100001000000010111010000
00000110110010000011100001101001
00100100010011000001011111000000
11001100101110101111011110010000
11101011100001001110110100111011
01010000001001000010101110011001
11001111101000000000001110101010
11111010010001100010011000001010
01001111000011101101101001111000
11110111001110001101101111010001
11101000001110001111000111000100
11101001101100100001100000011000
11110110111100100000100010000111
11110010011010100011000011001101
11111100101101101111110100010001
11001101111010000010010011010100
00011011110100100010000001110111
11111111010010001111011100001001
11000011101001100001111111101001
11110110010101001111101010011010
11001111101000100010110010001011
11100010111110001101101011011011
11011010111010101010011010000001
00000010100010000011010110000100
00001101000010101100011011010011
00011001011000101101011101100011
01000011000011100000011001000101
00000011100001000011010011111010
00000111111000001101110111011100
00101111000000000000011100001101
11100000110011000010001101000011
00100110000000100001010110001010
11111101010111100000010011110100
00000110101111100000110101110111
11001100101111101110111001010011
11111111101101101001111111101010
10111100111010100010011000011110
11110010001110001101001111111101
00010000101000000001011110110011
10111010111000001100110001111100
00010110011000000000101011100110
11111100101100100010000100000111
11010111101100101101010001100011
00010110111000001110011001001100
00010011000110001100001010010110
11000011111011101110101000011011
00011100000000001110000111111100
11100110011001001110001011001010
01000101101011100000100100100111
11110101011011100010110101101101
11110010111111001110111000001010
11101110000000001110110000101010
00111000111000100001001110110010
11011111110000101111110010100111
10100100000010001110110101010000
00100101001000001110001000111110
11111011101010101110110100101001
00100100000111101011000100001001
11101111011001000000000011011110
00001001111101001100010001010110
11011101000110101101001111001111
00000111101101001111100111000011
11011111110101001101001011110011
00010010110001101101011100100111
00000101101001101111010101100000
11101110001101001110001000110110
00001110011011000011000001011111
00001001010001000000001111011111
01011100101111101101110111010101
11110011110110100000000100100011
00001000011110101110100010010001
11011010000101100010111100110011
11110001001100001111011000000100
00010101010011000001110000001000
00010010000001100011111000000101
11111011111001000000000100000011
00011110010101000000011101000001
11110101000111100010111101001100
00010101101111000001101101000010
11101110110111001101011000010110
00010010000010101110011000110101
00010101101001001110010100001010
00101011000011100001111010101000
00010010110000001111100111111010
11101110001101001110101010111001
00100100010110100001100101011100
11101000111000000001110010110010
00010100010011100100000100111100
11111111001010100000000100100101
11111011110100001010101010000110
11010010001100100000110000001000
00000111111001101110110011110000
00001110101000000011011100111111
00111111000101101101101011110011
11110111011011101110111101001110
11011010100000101101011110001110
11110001100101100000111000010101
11101011110101101111101111101110
11100100010000100000100011101110
11111011101011001111001001101010
11101101101010101111110110111101
11101111101011101101101011001101
00001101010000101101110111101010
11110001110101100001110010001010
11110000101100000010001001110011
00000001101000000001100101101110
11001110011010101111101100000110
00111100010101000001001111110010
00111101010101100000100111000000
00010001100100100010001010010010
00001100010110001110110010111100
11111010110101000000010001011100
00001000000011101101011000111001
10111011100000100001000101000110
11010011000010000000101110000010
00111010010001100001000001011000
00001010101010000000001101001000
11011100000011000000000011000100
11010111111011100001010110111110
00000110011001101111110011011010
11101101010110100000010100011011
00101010011000001111010010110100
00011111101010100001101000110100
11100000001000001101111001011010
00100010100101100000110001001011
11010110011011101111010101101111
11111001010011001111001100100110
00010111010110101110011001110110
11101100111101101111010110100100
11111000110001100000100001111100
11011101100001100100010001110010
11100010101100100010000110100000
00000101000010100001011110101001
00001100101001100000011111000001
00001001001100001111010100001010
00010000011010001110000011010000
00000100111111001101100010110100
11101000011001001110111010110000
00001100100010100001011010110110
00000000110000001100100011101110
11000000000010001110100110010000
11110100101100000000011011110000
00101011111000000000000101110010
11100000001110100000001000111101
00001001000110101110111111010111
11100011110110001111111111011010
00000101101101100011100010000000
11101001011100001111110001000101
00000110010100101110010100000100
00101110110101100001101010100010
00110010111111100000000110111000
11000111001000100000001011100001
11100111111111101111100100101101
11110000100001100001001001110100
00100000111000001111010101010110
11000010101111001111110111110101
00001110101001001101100011100011
11111010000010100001000001100110
00000011010111101110100011100001
11110010001111001100010000101001
00000100011100100000110111010011
00000111011100100001011100111111
11110100111010000010000001011001
11111100000110001110000101100101
11011000010101101111000110101101
00101001000101101110110100010100
11110100100001000010001101011011
11010010000000101111111110010011
00100011010010001111011010111101
11110101110001000010010110111111
11101101011001100100010100111111
11110001101000101110000101001111
11001110001000000000000101111101
00010111011101001101100111110111
11111110110010001111000111011110
00000111101101100001001011011011
11000001010101000010000010100000
11110101010110001111100110101101
11101000101000001101101110001010
00011100110011101110111100011011
11110110010010001011110010011011
00011101001110100010011111000101
11101010001111000010010010010110
11011101100101100000011110011111
11110001011011100001110101111000
00100110110001100000000000110111
00000100100000001111001110010110
11001000100101101111000000101111
00010101100011101110010001111111
00010100100111100000011100010000
00111011101100000001010110000010
00100111011100100010110001011111
00000001111010000000110010101110
00010001100010100011100100000001
00000000000011101111100101100110
00001100101101100001001001101101
00001010100001100010011100000101
11101100001001000001011011010100
11111011110101001011000011010010
11110000001100100000111011000111
11101100000101101111001011011110
00001000001111101111011100011011
11111010100100100011101011110110
11111010110001101111100111101101
11110010110011101111100101001111
11101100100010000101001001010110
00010100011110000000011001110111
00101010010101101111111010101101
00100110101001001110101000100111
00000011000110000001110101101100
11110001001111001110101000111001
00111011111110101111110001000111
00011111001001000101010110101101
11110110101111100001010010110100
11111000011001101101011000010101
11011011011101100011010010101101
00001010111010100001111000000101
00011001011010101111111111111110
11101011000001100010001010011111
00100111101101101101010110100011
11111101101110001101100110010110
11111100011000001111101101100011
00111111100011000011011010101011
11101100111110001111100111000010
00011101111110101101111101010110
11110001001001001111101110111010
00100011110111001110011111000101
00001111010000001101001010011000
11111011100011101010110100111000
11111101110111000100111011000001
00010101110111101111101110011001
00010001010010100001001011110000
11011101101110000010101101001000
11111001111000101101110110010110
11011001010010101111101010111011
00010111000000101111110010111010
11111011011011101111110100110001
11111010000101101010010111101000
00011100110010001111110111100011
11101010101111100000000000010011
11100001001100001110100100011011
11101000101100101100000001110110
00100100001111001110010011011111
11000001010001101101001111011001
00000000011000000010011110100111
00001100001000101110000001111100
10110000100010001110100101001011
10111010001110101111001101001011
00000000010110100011011110010101
00000111101011100001010101110010
11011010001111001111100001011111
00010100000111100010101011010101
11101111101111101101010010001000
11101001110100001101110101010001
00000010110011000011110110001011
11010010100011001111010100100000
00001111001110101110010001111001
11111100001100001111001001000011
11100101101110101111000001111011
11011011010011000001000100100100
11111010011101001101100110101000
11011100110100101101100110110011
11011000100010100001001110011101
00000110101100000000001101110000
00010001110111100000101001010111
11111110001101101111111001100101
11100101010100001110101110001001
00101010001001000001010001110000
00110001100101100000101100011010
11111001001011100000000011100011
11010010100101100000101110110000
10110001111100000110000000011100
11010000110110101111011011110001
11101111010110000001010111011110
11111100111100001101011011001110
00000110011000101111101110011000
00001100000010000001001000011110
00000100011001001111011100110011
00100011000000001110111011100110
00011111100110101111001001101110
00010010101110100000101111001011
11110011110000000001101111100000
00010100101011100011010101011100
11010010111010001111101100111010
00000001011111001111110010010101
11111001110101100001000100011110
11000000000100100010000000110000
00010100001100101111110111010010
00010001001001101110001000101000
11111100111010100001001111100111
00001111110011101111101010110010
00011010010110101110111000000010
11110010111101001110111101010011
11110111010011000011110101000110
11110111001001101100111011000000
00100001000010001111110000010000
11110111101001000011100100010000
11110001010001100000010110011101
00011000010011101011000110110110
11110011011101000100011000100000
11010100000111100000100010001010
11101011110110101110001010011001
11111110111100000000101001000001
11100110010010000010001001001001
00010101110000101110101001011001
00010010001100000000001000110100
00011101110111100000000100101101
00001010011101101110000110100111
11110111101010100000111100001100
00011110001011000011100101010101
00011110110110001110011001100101
11101010010110001101011000011001
00011111110011001111111010110001
00001001010100000000101110011110
11110111011111101111101110011001
00000010101101101110000110100111
00000100101100000001101101000110
11101010010100100011011001100011
00011010101101000001001000101100
00000010011001101111111011011011
11110111101001100011010101010100
11101011111011001111000101110000
00111100110100000000111100101000
00010111100011101100011100000001
11111101100110001111010001101010
00011111111011100010011101000001
11111101000101101111110110010110
00010010110110101111001000111111
00111010010000100001100000110100
11110110000011101110111010011100
11111100101100100001110110100110
00011001100000101110101100111101
11111101001100101111000100111001
00101001111000001110111111110000
01000000000111001111100111110111
00001001111001000010001010000111
00001100000101001101101010101001
11110100010100000001001010111001
11111100110011100000001010100101
11010101000101100000101000111001
00001010100011101111110011000001
00001111000110101101111001100000
11110010111010100001101000110101
11101110000011001100111101010111
00010100000010001100011101001001
00101101100011000000011011011011
11110101110010001011010010101011
00110000101011100001010011101001
00010010011111001110101010111011
11110101000101100001110010111110
00001001110010100100010010011001
00010011000101001110101101101010
11100100101010101101011101010110
00010001010100001100010010100111
11100110100110101111101011001001
00011100100111000001011001100100
00101001111100001111110100111001
00010011111000100011110010011100
11010010100110100000001001101101
11101110111010101101100011110000
11110110100011000000111011111110
11100100000010101110001000100111
11001110101011101110000011011001
00100101101011100010001000100010
11110110010001100011110010011100
00001001111111100001111011100010
00000000010101001111100110000100
00000100010101001110001110100110
11001010001001001111000011101110
11010111110010000000001110000011
11001111011111001100110101010100
00100101111011000010110001010110
11010111010111101111001111100000
10110111110000101110010100000000
11010100001101000010100010001000
11100111011100100010001011001100
11110010000110000011010011010110
00011010000010101111111110010111
00010000100000001110110011000100
00110110001111100000111010010100
11111110110110100001101001111100
11100000111001100000111000001101
00110011101111000010100000010111
00000101111010101110011101110011
00001100111110101110000011111110
11101100001001000000000100000000
00100101001010100001101011000001
00100100010000101101100110101001
00101000010111101111001001111100
00011100101100101111111110010011
00001000110110000000010111111011
11001110010100000001010010110001
00010100000001100000000101100010
11001010001011101110010110001000
11010100010010100000000100010001
00110010001111001110100001010111
11110101011111101011111111011110
00000100111111000000001010010010
11110111100101000000110001111001
00001000110001100000010100110000
11100111110111000010100010010100
11001010001111101110010011011000
00010010011100001111000011110011
10110111111000100010010011100110
11011111011101000010010111100000
01011100100110001110001110101110
11100111101101100000100110111011
00000111010010101110101001000100
00011010110000101111101010000010
11111001111000100010110100101000
11100000000010101100110111011001
10110001010110100000001011100110
11101001001011101100010010111110
11101100000100000000110101010011
00101000101001000000111010010011
11101111011001100011000101111110
11001101110110101100110110111101
11111011010111000000011011111111
00010000011100100000101011011111
00111101011111100000110110010000
00100000101001000001010100010010
11011100000010001111000000000011
11011110100111101111001101101001
11011110101110000100110011001100
11111110000010100001110001010111
11111011010011001110011111001111
00010101011100000001001111101101
11100100110011001101010100101110
11101111110111001101100110111001
00001001111111101110011100100000
00011011001101101110100011100100
11011111001110100000000000111010
11101110110001000000110100101000
00100100011100101111100011011000
11111001000100001110111011111000
00111101011001000001110101101110
00110011010000101110111010110101
00101000001001001101110101111110
00000011110011101010100111110100
00001001001111001111001101001100
11111000110100000000001111001110
00101101011101000000100111011010
00000000111010000001110001110000
00011101101011101110100010101100
11000110100001100010001010001000
00000001110101001110100100110100
11100001110010101111010011110100
00000010110100101111101000001001
11101101000100000000000010110010
00011100011001000000000101110101
01001010001011100000001011111110
11010100111100100100010110010001
11100110101100001110011100100010
11111101001101000000111011100110
11110001111100001110100001100010
00000010110001100001010111011101
11111111000100101110000101111000
00010111111011101101100001111001
10101010001110000000100011000100
00100101111110101100111000100001
00100001010000001101110111100001
00001000000101101110000000111011
11110111011101100010011000000001
11011100100110101110111100100011
11101011000101000011111101001010
00100001010111000010001110101111
00011010010010001111101000001101
11111100101101100010000000000101
00101101101001000000001101010111
00010110001001001101100111111001
11000000110101001111010011111011
00000110110001000001000110110001
00100011100011101111101110111010
00111000101101100000110100101101
00001100100000101111111111111111
00101110011101000000111000000011
11110101111011100001101111111111
00100011110011101111101010000011
11010100001011000000000001011110
11001011010110100001010101010100
10110110011111101111000100000100
00011001100101000001100110101100
11011110001111100000110100100100
00001100110101100001001111100110
00100000010110001111111001101111
11010100101111100000101011101001
11101010111111001110100001001110
00000001101011100000101010011100
00101101011111100011100011110110
11110110011101100001111101100100
11111000110101100001101011010100
11001100111000101111100011010110
00000001001011000100100011101101
00011001001000000011000100110100
00011101111110001111011101000001
11111111101011101110100100100001
11110101011001100001000110011101
11101000111010100000011010001000
11110101000010101100100100011101
00100000000111100000001101110111
00000000111111101111101010001111
11111000001110100101000011001110
00011110100110101101110101110111
00000000000010100000100001011101
00010100000110000001000001110111
11010010100100000000000010100110
11011100110000001100010111001011
00001110010011101110001100000111
11000010000001101100101001100111
11011000011010001111100100100101
00001000110100101100001110000110
00000100101001001101111111110101
11110110010000001111110110011000
00000010011100001111101101001110
00001111010001001101100111101110
11001011110101101101100111101111
00011101110111101110000011000001
00010100100010001110010100110011
11101011110111101100100011000010
11111101011010101111011001000011
00011101110000101111101000011100
00100011011010101111110001001110
11110000110010000101001101000010
11110110010010000001001101101101
11000110111011001110000011101000
11010001000010100001111100101101
11111110000010000001001001000100
11100010000001001111010110010111
11010111101101000001111011100011
11110110111100000001111000001100
00011011000101100011111101111110
11110000100011001111000010010001
11110101011000000000110101000110
00001010101010101100000000110111
11101010110000100001111000011110
00001011110001000100010100101011
11110110001000101101000010011011
11111101101101101111101111010000
00011111000000001100110010101100
11111000111001000001001011000101
11101110100011101100000010101000
00001100100001000010001010010111
00100110111111100001100001000001
00010000000000001110001010000001
11010110101011100010010001001001
00011000100101000010010010101001
00000110101000101101101000101111
11101110111001100010110101100101
11110011000011101111010101111010
11111100010110000001000000010011
00001001111110100001011111000001
11100100010100001111010001100101
11110000101110001100110110110001
11101100000100001111010111001101
11110011111011101111101010110111
11100010110000100000010101110101
11110010101101101101111111100100
11100001010100101110001110011000
00100101011011001100010111111111
00011011100111101100100101110110
00000001111001001111101111010100
11011010111101001100100111100111
11110111011111100010110101111101
00011011110101001110111111011000
11101100000010101111000101000000
11100001011001000010100001011100
00011110111100101111001101110101
00000001001010100001110110001110
11111011001001001110111101110100
11101010110001000100100011101101
00110100011100001111101111101011
00001010110101001110110000000100
00010111111000001110011010110101
11000001100110000100101001110000
11101011000011000000101000000101
00101000101010000100101010111101
11001110101001001110111011101111
00011010000110000010101001011100
11110000001010100001010010001001
00010010111110100001110100010101
00101000010000000001100110100101
11011010011010101110110100000110
11110100110011101111101111111011
11100001101101101110010011010011
00010111111011001110100111100011
11101001010101100000110011101110
00001000010000000001100011011111
11101111101011001110010110100011
11111000010100101110111100001100
11111011100000101111110111001000
11101100111010101101001110100011
11100011010010000000101110110011
11111011111011100000100000100000
11101111111001000000011111100001
11111010000000001101101010100111
11101101010000101111010010110111
11110010001110001111010011001110
11111011110001000001100011111100
00010100010011000001010100001001
11101000000001000010111101111011
00000011110001001111110101000110
11110100111011001101010101100011
00011110000111100001110110111101
00100000011101100000000011110111
00001001001110100001101111110110
00010001110011001101100111110000
11011101111001000001001000001010
00010101111111001110001001100100
11111000110110101110101100110101
00001010011110000001000001101111
11101100000001001101010010101100
11101101000010100001110001000000
11111110011110101110011111010100
11111011011111100010000001000000
00100110100001001101110111000010
00101000101101001101010011010100
00011110111101001101011111000001
00001101110010000000011010101101
01010011100011000001110101111100
00010011101000101111010000001000
00001011010100101111000110000110
00010000000111001100110110011001
00010000111001100010100010000011
00011001000111001101101001101110
00101011101111000001111110010000
11010100011001101110101110101111
11110010110000100010110110110011
11001111101101100000000100000010
11111000111111001110111000011100
00001010101111001010111001011001
11111010100100101101101011100011
11111101001001000000011110000110
11100001101100101111111111001110
11010111000100100000000111011111
11010001010111100000110111110011
11001101000101100010000010000010
11010011011000101111000010110110
00001100001001000010001010100001
10110001000001100001000111100000
00110110011010101101011100111111
11011001111100001111001000000110
11110001100110100001110000010111
11111001011011001110101101001100
11110000010110000000111010010111
11010010010111000001011101000000
11101011111100001101111110001001
10111011111000100001100010110000
11101011001101001111110100110101
10110101100010100000010010000100
00000100100001101101110011101111
11100000010100000001101101101100
11111010010010100001111111001001
11110000010001001110010100011110
11110010101000000010110110111000
11110110010000001110010011100010
00000011101101101110001111111001
00101011110001000000110010010101
00001111100000101101111100010010
00010010110011101110101010110100
11010010011011000010001110111101
11100110001111001111010100011000
00000111001010001111111000100000
00101111001101101011011101010100
11101111000011100000011111111001
00001000001111101111011010111001
11011101110110101111001001010110
00100010001000001111101110001110
00011010111000000011101101001001
11101010101000101111000111101011
11110011010000001100111010011111
11110111100000001111001101111100
00010101110000101101001110010011
11000111001110101101000011010101
11011110011000000001011101110010
00000010001111000010110110001100
00010100011001001101111110000101
00010111011110100000100010011011
11000000110100000010000010011101
00110011011001100001010010101110
11101110111100000110011100111001
11101110111011101111011100110001
00011100100110100010010100100110
00000100100000100001000100010010
11100011001011100001000100011011
00011000010000000001000000111110
11101001001101101111000100000010
11100000101001001111001101011011
10011110001100100000010101000001
11101000000111000000100001111001
00011111101100100000001101111100
11111101011000100001100111100111
00001100111110001110110111101001
11111110110000001110111000100100
00111100001100001111011101110100
00000011011110001110010100110111
00000001001100101101000111110001
01001110001101101111100101010101
00110011001111001111000110011110
11011000101101100011110010000011
11110110001100001100111011010001
00011001110001000100111010111010
11111001111000001111100110110100
00101011000001100001010011111011
00001010010011001111011001001010
10101110000101000000111100100101
11100000001001100000101111101001
11110011110101001111011010101111
11111101111111101010100110101110
11100001000011101110001001111110
11111010110111001110001100101110
11101100110001001111001110100001
00001101100101101101111010001000
00000010001001000001101100001111
00100101010101001111111011100101
11111101101001101011010010101101
11101111101011001101111000110100
11110101000011001100000010010010
11110001011011100010010001111100
00010110100111100000101010111101
11110101011111001101000011001011
11110011101110101110000100111001
11110011100000000001111000010101
00101000011001000000000000101001
00101001111011100000110001011101
11110010010100001110100100001000
00010100010001000010011000101000
11011011001111101101100101100001
11110111001100000000111000101011
00100011111010000010110101011101
00111100010001000001110100011111
11001111100010000001010000101001
00000001111010101111111110000101
00011111001110000000001010000010
00010110110000100001111001001100
11001110011001101110110011101000
00001101010111000000000011010001
00001111101000001110000101000110
11111001111001000000110101011100
10100000010111001110101110010000
00001011111100001111101101011101
00000010111100001111011100000110
11000010011111101100101101100000
00000010111001100001001100110100
11011111101010100000001001111111
10110001000110001011000111100110
00010100110011001111000000111100
10111101101111000010101011000100
11110000011100100010100111001011
00100010001101000001000001010101
11000001000000101101111011011100
11010001101100100000101111000001
00000011011110000000010011110110
00010101001000001110101100110010
11111001010111101111110001010110
11011111000000001101110000010101
00000101010000000001000001001100
00001010010010101111110101110101
00101000101101101100001010100100
11111101110000101111110110000001
00011011001111100010001000000100
11100000101110000000100001110000
00011100001111101111111001011110
00010010100011000010010100001001
11111001101001101100100000001110
11111000010101000000101011101100
11110101111110101110110001000101
11101100111101101111011011010011
00000010111111000011110011011000
00000100010110001110101010110110
00001010101111001011001000001100
11101011101010000000001001100101
11010000011101101111111011100110
00010101000001000010100001010000
00101101101101100011100110100111
00010100101010101110000010011111
00010101001011000010101001101100
11110001011100000001101001111110
00000010110010101110101001110000
11010001111100000010011000110101
00101110010111100001010111011010
00000011000110000010111110110110
00011111001110101100110101101000
11101001001001101011010101100101
11101000110110101111111011010100
11110101011100100011010110011001
00100010110101000010101111111010
11100101101100101101101111000101
00011010000011000001111010011110
11100000110000101111010010001110
00010100000010000001000011100010
11111000001010101100000010111001
00010110111111101111100011011000
11111001100010100001001011111011
11100111100111101111100100100000
11000101011110101111010101110101
00010001100111001110110111111110
00101110111001001110001101101101
00000011000101000010011001010001
11011010101101101101111101011010
00000110010110101110101110101111
00000111000010001011111010111100
11100001010110000000001000110110
00000110011100000001110110100000
00001011001101101110010101111101
11010010000010000010000110001011
11101110101100101111111111111001
01010000100000000000010010110000
11100010000001000000000101011001
11101001101110101111001100100000
11111111101000001011011000111100
11100000001000100000011010000010
00001100011111000010001000011111
11111110011000001111110101010001
11111111100010001110001100111101
00011010110110001111100001111011
11101100001001101110000101111111
11100010100000101111100100011110
00010011111001100000001001100110
11110100110001101111111001001011
00011111100110001111001011010111
00000011110111101110010110001101
11010100001101000000100011011111
11101001111011001101111100001111
00010101000000000010101110100001
00000100010010100010001010110000
11000001010101001111101111100110
11100010000101100000000101011011
00001010111001100001011111000001
11010111010111100001110101100111
11110101001010000000001001101010
11111011100101000001011000100010
00010111110100100000111000111111
00010110110111100010011100011000
11100111110111100000010100110000
11010110101100001010000100010110
00001101011011000011011101001011
00010010000111000011101001010011
11010001100010100010001001000000
11101110011010001100111010110010
11110011100111100000101011010111
00010111001110100000100011100110
11001101001111001110010111001110
10110100000000000001100001010010
00011111111010000001010011011011
00000000001101101111011010011001
11111000000010001111101101101001
00000011101100001101010111110111
11101111111101000000010011110000
11110011000001101101101111100010
00100010111111001111110010000100
00100010111111100000010110111001
11100000110101001100111001111110
00001110000011101110111101110011
00000000000000001111001111001011
00100000101011101111010000100001
00001000111000001111101111000000
00011101110101000001000111100110
11101001100010100000000001101100
00010111001101001111010000000111
11110001100101001111010011111010
11110101000010001111111111111110
11110011000111000000101101010001
11001110000100000000010111111011
11010010011110101111110000011001
11101011001010000000011001101100
10110011011111100001101111001011
01001000010011001110110110010101
11111010100100101110110110001101
11101111010011001111111100000010
11101110110110001111110101010101
11110111010101000001111111111111
00011011010010001110011010011011
00010101100010001111110111011000
11010011011110100001011110000011
11100000010001001101111000010101
11000101101001001110000100101111
00101001110100101100001100101000
11110110011110001111000101100101
00111000010100001111101111001000
00011110011010001110100010100001
11111000011110101110101000110010
11100010011011001101001001111100
00001001010000100011101101001100
11101101110110100000000001011011
11111011100100100001100111110100
00011101101001000000111010111011
00001001110000101110110100010110
11011001001000101011110110111111
11110011110001100001101011100110
00000001100011100000000110010100
00100100100101001111000000001110
00000111000001000001011011010101
00010111110010000000000001001000
00010111001011101111110001000101
00001001000000001110010111001001
00010110010000100100001011101011
11011101111101100001110100100100
00000101111000000001001010001000
00001101110101101111101011101101
10011110100011000000000001010001
11110011110111101111000011111110
00001100110011101110011101010011
00001100010111001110100001100101
00110100111110001110011011001001
11110000100000000001101110101010
11111010100110101101111111110100
11111100011111101101000111110101
00111001011100100010100001000011
10100110110001000000110000111100
11110000100110001111111110100100
11111101010001001110000111010010
01000001001110101111111101111100
11101111010010100001101100011110
00100100100001001111001110101111
11010101110101100010000000010010
11111110100100100010111110011110
11101011110100000011011111000100
00001110101111100000000010101000
00000110011110101011100101000100
00101000000110000001011101100010
00011111010010100010000110000110
11101001000011001110011101101101
00000011101011000001100001101000
00001100110010001110001100010000
11011011000001000100101100011001
11100011011100001111111010100110
11111110001101001100110000100110
00001011011111101101010011001110
11000110010111100011100100110101
00001111110011000010011101000100
11101010001011100001100101100110
00001010011111100000011110000110
11011100101010101111111001101011
11110001101000100000000100100000
00000000110100101111100011011100
00000001000101101111010101000110
00000111100001001111100011000111
11010111000110101110111111000110
11110100110011000001111000110000
00000101000001100000110001110110
11101100011111101101011010010110
11001010000101000000101110001001
00010111110010100000100110010000
11111011011110000000001010001101
11100001001100001110100101100111
11001101001001101111011011001111
11010001101111000100011100101100
11001011100011101101010101101001
00001100011001001111111111011010
11111001010000001110011000000001
11111000100010100001011111111100
11101110111111001110011010001101
11101110000101000000101110001001
00000100111000101100111101010011
00010100110000001100010001000100
11101101110000101110100100100001
00100010111000100000100000110010
00010110000011100000111110010001
00001001001101000001011001001100
01011010110111101101110010001101
00010010001111101111010110011000
00100010101001000011000100100010
00000000100000000001000001001100
00110010110000100001101111111111
11011110010100101111000110000110
11111110101100100001010011111111
00010101100000100011000010100010
11010011011101000001111111001111
00100011010100101101001011011100
11001111010110101110101110110010
01010001010000100010000011100010
11101110110000001111111000010101
00001110110011100001011100010000
11101000101000001110100101110000
00000001000000000000000101011000
00011110100111000001100110011101
11101000000000001101101100110000
01000100111000101101011010100010
11010000010100000001001000101000
11101101000010101100111101111001
11111010001000100100000100000100
00000011001001101111110111110010
00111000001111001111110001011100
11110111010011000000011011000001
00000001111111001110110010100000
00000011011100000010001100001000
11101011011110000001110010110000
00001110110101101111101100110001
00010110111101001101001111100100
11100111011100100001110010100111
00001110011010101100001001111010
00001111001100000000010011100010
11101110100110100010100101100100
01000000100011001111011110111011
00001101000001000000100111001110
00000110111100001111000101101110
00111111010110001110111110110100
10110101010101000000111110000001
00000100011000001110001111101000
11000100001011001101100011111110
00011010010110100100011011000000
00001011100001101110011111101001
00010110001011100000001101110100
00011111000000000000011000000110
00111011001111101110001101011010
11010011100110100001111101111100
00001000011111001111111111110110
11110111100101100000111110010111
00011011101001001111111101000001
10101011010011100010000111001101
11100101011011100000011101100000
11011001111010000000101111001001
11011001011111101110010110110100
00011011100100101101011100100010
00101000010110101110111110101100
00011111010000101100010111000111
11011010110000101101010000000001
00011001001000001101101111111101
11101100110101001111111101110010
11111111110101000001110100101001
11100110110011000001011000111011
00101001111101101101000011101000
00001011101011001001111001001110
11100100111001101110100101111010
00010111101110101101010011100110
11110110010110001111100100111011
11011111111001001011110100101100
11111010111011001110110111110010
11110100100011100000101111110011
11010011010111100001000111110010
11111010101000001101010000100110
00000110110111000010110000001100
00010010010011101100110110110100
11010001001011100001010110100011
11101111110010001101101111010100
00001011111101100001100010101100
00010001011110001110011101011101
00010111111001101101011000110010
11101110100010100000101101111110
00011000111011001100011110000100
00100000111111001101111001110011
00111110010100001101110011111011
11111111010010001111000011100110
11101101011101100010010000111100
11111100010111100001001011111011
11110011010011101110100101111000
11111011101100101110101100111110
00001010011010000000000110000100
11110111010101100000111100001101
00010001101100100001000101010011
00110101010100001110110011000110
00001110111010100000010001101100
00000001110001100001100101110100
00100010001000100100100111100001
00000000111110001110000001010111
00001100001011100010001110100000
11110101010010001111100101010111
11110101010010001110110111100001
00101011110000100001111000001001
00100111100101101110100001111100
11111010110110001111001000001100
00011101111001001100111110011111
11111010010110100010110111010001
11111110100100000001011100111110
10111011111100001110011111011001
11111100010001100011011101011011
11010001100000001101110010011011
00111111011000000010000010010110
00010010101110001111000101000011
00010011111100001111110100001100
00001100011001100001101001011011
00000011011011000000101011110011
11110111010001100001010001000000
11011001011010001111000001010101
00100101001110100011000100011111
00100101101011100000011100111111
01001011111001000000010111001101
11010000100110001110011111100010
00100010111001100001010001100011
10110000001001100010000010010101
00001111110100000010111001011100
11111111100101101111100111001101
00000010001101100010000010011011
00000011011001001101101100110001
00000101001100101110011000011111
00100010111111000010100001011100
00000001110100101111010111011100
11001001110011000000010100011110
11101100111111101110010101100111
00100111011001000101010111001000
00001000010001101110001110110100
00000111100011000001001000011100
11110001111011100000110011011111
11101110011110101111001000001110
00111011110000000000011111010110
00010110011011100001001010000000
00000000001000100100110000101111
11110100110001101111000010000110
11100110011100001100011000000110
11101110101100100000101110100110
